,collection,interviewee_name,shelfmark,surname
0,USHMM,Erwin (Froim),RG-50.549.01*0007,(Froim)
1,USHMM,Erwin (Froim),RG-50.030*0016,(Froim)
2,USHMM,Major Ernest C. James (Ret.),RG-50.030*0100,(Ret.)
3,USHMM,Teofil (Stefan),RG-50.030*0355,(Stefan)
4,USHMM,Anatoly A.,RG-50.405*0001,A.
5,USHMM,Elizabeth A.,RG-50.344*0003,A.
6,USHMM,Wallace A.,RG-50.030*0254,A.
7,USHMM,Lia A.,RG-50.405*0004,A.
8,USHMM,Phyllis A.,RG-50.344*0009,A.
9,USHMM,David A.,RG-50.030*0001,A.
10,USC Shoah Foundation,Frieda Aaron,802,Aaron
11,USC Shoah Foundation,Cornelia Aaron-Swaab,5103,Aaron-Swaab
12,USC Shoah Foundation,Boris Abel,5516,Abel
13,USC Shoah Foundation,Erno Abelesz,4710,Abelesz
14,USC Shoah Foundation,Eva Abraham-Podietz,321,Abraham-Podietz
15,USC Shoah Foundation,Edith Abrahams,4670,Abrahams
16,USC Shoah Foundation,Joseph Abrahams,18068,Abrahams
17,USC Shoah Foundation,Selien Abram,17330,Abram
18,USHMM,Helen Abramovitz,RG-50.322*0001,Abramovitz
19,USHMM,Henry Abramowicz,RG-50.156*0001,Abramowicz
20,USC Shoah Foundation,Fela Abramowicz,25114,Abramowicz
21,USC Shoah Foundation,Hy Abrams,14002,Abrams
22,USHMM,Sally Abrams,RG-50.462*0026,Abrams
23,USC Shoah Foundation,Walter Absil,18281,Absil
24,USHMM,Sam Ackos,RG-50.156*0002,Ackos
25,USHMM,Sam Ackos,RG-50.156*0003,Ackos
26,USC Shoah Foundation,Agnes Adachi,13833,Adachi
27,USHMM,Ms. Agnes M. Adachi,RG-50.549.01*0002,Adachi
28,USHMM,Ms. Agnes M. Adachi,RG-50.042*0002,Adachi
29,USHMM,Ms. Agnes M. Adachi,RG-50.462*0051,Adachi
30,USHMM,Yehuda Adam,RG-50.106*0062,Adam
31,USC Shoah Foundation,Zuzana Adam,14708,Adam
32,USHMM,Erica Van Adelsberg,RG-50.462*0024,Adelsberg
33,USHMM,Esthy Adler,RG-50.549.01*0003,Adler
34,USC Shoah Foundation,Alfred Adler,9024,Adler
35,USHMM,Mayer Adler,RG-50.030*0005,Adler
36,USHMM,Mayer Adler,RG-50.462*0028,Adler
37,USHMM,Frida Adler,RG-50.030*0242,Adler
38,USC Shoah Foundation,Renata Adler,12684,Adler
39,USHMM,Edward Adler,RG-50.042*0003,Adler
40,USHMM,Esthy Adler,RG-50.030*0004,Adler
41,USHMM,Gerald S. Adler,RG-50.462*0027,Adler
42,USHMM,Alice D. Adler,RG-50.154*0001,Adler
43,USHMM,Kurt Admon,RG-50.755*0001,Admon
44,USHMM,Pieter Adriaan,RG-50.030*0154,Adriaan
45,USHMM,Jack Ahrens,RG-50.030*0311,Ahrens
46,USHMM,Jack Ahrens,RG-50.549.02*0037,Ahrens
47,USC Shoah Foundation,Leslie Aigner,1400,Aigner
48,USHMM,Ms. Fanny Aizenberg,RG-50.030*0621,Aizenberg
49,USC Shoah Foundation,Henry Aizenman,16345,Aizenman
50,USHMM,Mr. Francis Akos,RG-50.549.02*0021,Akos
51,USHMM,Mr. Francis Akos,RG-50.030*0006,Akos
52,USHMM,Miru Alcana,RG-50.233*0001,Alcana
53,USC Shoah Foundation,Joseph Aleksander,3475,Aleksander
54,USHMM,Mr. Harry Alexander,RG-50.042*0004,Alexander
55,USHMM,Harry Alexander,RG-50.549.01*0001,Alexander
56,USHMM,Harry Alexander,RG-50.030*0007,Alexander
57,USHMM,Henry Allen,RG-50.010*0001,Allen
58,USHMM,Roy Allen,RG-50.462*0029,Allen
59,USHMM,Ruth Alper,RG-50.106*0129,Alper
60,USC Shoah Foundation,Henrietta Altman,5639,Altman
61,USHMM,Brigitte Altman,RG-50.471*0003,Altman
62,USHMM,Henry Altschuler,RG-50.462*0052,Altschuler
63,USC Shoah Foundation,Lucia Amato,14687,Amato
64,USHMM,Ms. Eva Anderman,RG-50.154*0002,Anderman
65,USHMM,Edward Anders,RG-50.030*0451,Anders
66,USC Shoah Foundation,Per Anger,12289,Anger
67,USHMM,Per Anger,RG-50.030*0301,Anger
68,USHMM,Per Anger,RG-50.462*0001,Anger
69,USC Shoah Foundation,Emery Angles,4247,Angles
70,USC Shoah Foundation,Erna Anolik,22586,Anolik
71,USC Shoah Foundation,Edward Appelbaum,19211,Appelbaum
72,USHMM,Carmen Appell,RG-50.322*0002,Appell
73,USC Shoah Foundation,Janet Applefield,24651,Applefield
74,USC Shoah Foundation,Alicia Appleman-Jurman,11552,Appleman-Jurman
75,USC Shoah Foundation,Nathan Aptekar,12564,Aptekar
76,USHMM,Agnes G. Aranyi,RG-50.030*0008,Aranyi
77,USC Shoah Foundation,Ruth Arkiss,24090,Arkiss
78,USC Shoah Foundation,John Armer,3638,Armer
79,USC Shoah Foundation,Jack Arnel,19111,Arnel
80,USC Shoah Foundation,Emil Arnold,9723,Arnold
81,USHMM,Raphael Aronson,RG-50.030*0289,Aronson
82,USC Shoah Foundation,Bertha van As,5471,As
83,USC Shoah Foundation,Adrian van As,5470,As
84,USHMM,Chayale Ash-Fuhrman,RG-50.462*0030,Ash-Fuhrman
85,USC Shoah Foundation,Abram Asner,12022,Asner
86,USHMM,Herschel Auerbach,RG-50.031*0002,Auerbach
87,USHMM,Ms. Inge Auerbacher,RG-50.233*0002,Auerbacher
88,USC Shoah Foundation,Walter Austerer,21812,Austerer
89,USHMM,Benjamin B.,RG-50.030*0269,B.
90,USHMM,Yuri B.,RG-50.405*0005,B.
91,USHMM,Edna B.,RG-50.030*0358,B.
92,USHMM,Harold B.,RG-50.030*0096,B.
93,USHMM,Mr. Joseph Bach,RG-50.030*0858,Bach
94,USHMM,Ms. Irena Bach,RG-50.030*0859,Bach
95,USHMM,Mr. Fred Bachner,RG-50.549.02*0032,Bachner
96,USHMM,Mr. Fred Bachner,RG-50.030*0012,Bachner
97,USC Shoah Foundation,Mila Bachner,4345,Bachner
98,USC Shoah Foundation,Mark Bader,10587,Bader
99,USHMM,Lore Baer,RG-50.030*0011,Baer
100,USC Shoah Foundation,John Baer,14168,Baer
101,USHMM,Joachim J. Baer,RG-50.030*0566,Baer
102,USHMM,Samuel Bak,RG-50.926*0001,Bak
103,USHMM,Matilda R. Bakker,RG-50.030*0722,Bakker
104,USHMM,Sybe K. Bakker,RG-50.030*0720,Bakker
105,USC Shoah Foundation,Halina Balfour,3346,Balfour
106,USHMM,Helen Balsam,RG-50.233*0003,Balsam
107,USHMM,Irving Balsam,RG-50.233*0004,Balsam
108,USC Shoah Foundation,Khane Baltser,9031,Baltser
109,USHMM,Helen R. Bamber,RG-50.030*0482,Bamber
110,USHMM,Tove S. Bamberger,RG-50.030*0014,Bamberger
111,USHMM,Mr. Niels J. Bamberger,RG-50.030*0013,Bamberger
112,USHMM,Sam Bankhalter,RG-50.156*0004,Bankhalter
113,USHMM,Sam Bankhalter,RG-50.042*0005,Bankhalter
114,USC Shoah Foundation,Esther Bankier,8805,Bankier
115,USC Shoah Foundation,Leslie Banos,3928,Banos
116,USHMM,Helene Barac,RG-50.030*0302,Barac
117,USC Shoah Foundation,Pearl Barach,20745,Barach
118,USHMM,Helene Baraf,RG-50.030*0015,Baraf
119,USC Shoah Foundation,Malka Baran,24470,Baran
120,USHMM,Tibor Baranski,RG-50.462*0053,Baranski
121,USHMM,Mr. Charles Barber,RG-50.106*0036,Barber
122,USHMM,Mrs. Herma Barber,RG-50.030*0442,Barber
123,USC Shoah Foundation,Esther Barishman,5328,Barishman
124,USHMM,Grady M. Barker,RG-50.010*0005,Barker
125,USHMM,Lily Baron,RG-50.154*0003,Baron
126,USC Shoah Foundation,Sari Baron,22391,Baron
127,USHMM,Fred Baron,RG-50.156*0005,Baron
128,USHMM,Oscar Baron,RG-50.154*0004,Baron
129,USHMM,William R. Barton,RG-50.010*0006,Barton
130,USC Shoah Foundation,William Basch,1282,Basch
131,USC Shoah Foundation,Yakob Basner,6277,Basner
132,USHMM,Harry Bass,RG-50.233*0005,Bass
133,USHMM,Jack Bass,RG-50.562*0001,Bass
134,USHMM,William G. Bates,RG-50.010*0007,Bates
135,USHMM,Kurt Baum,RG-50.154*0005,Baum
136,USHMM,Jack Baum,RG-50.030*0424,Baum
137,USC Shoah Foundation,Marcel Baum,4760,Baum
138,USHMM,Icek Baum,RG-50.030*0017,Baum
139,USHMM,Sheila Baxter,RG-50.154*0006,Baxter
140,USC Shoah Foundation,Yehudah Baḳon,26983,Baḳon
141,USC Shoah Foundation,Kuba Beck,1496,Beck
142,USC Shoah Foundation,Helen Beck,1479,Beck
143,USC Shoah Foundation,Mikail Becker,4919,Becker
144,USHMM,Werner Becker,RG-50.322*0003,Becker
145,USHMM,Richard Bedford,RG-50.030*0692,Bedford
146,USHMM,Margaret Beer,RG-50.462*0002,Beer
147,USHMM,Adam Beer,RG-50.030*0327,Beer
148,USC Shoah Foundation,Samuel Bekler,21259,Bekler
149,USHMM,Marta Belebczuk,RG-50.028*0005,Belebczuk
150,USC Shoah Foundation,Milton Belfer,21180,Belfer
151,USHMM,Norman C. Belfer,RG-50.030*0367,Belfer
152,USHMM,Norman C. Belfer,RG-50.549.02*0063,Belfer
153,USHMM,Robert A. Belfer,RG-50.030*0506,Belfer
154,USHMM,Frieda Belinfante,RG-50.030*0019,Belinfante
155,USC Shoah Foundation,Aron Bell,24242,Bell
156,USHMM,Braunia Bella,RG-50.030*0329,Bella
157,USHMM,Mr. Paul Beller,RG-50.755*0002,Beller
158,USC Shoah Foundation,Esther Bem,753,Bem
159,USC Shoah Foundation,Benjamin Bender,12413,Bender
160,USHMM,Donald Bender,RG-50.322*0004,Bender
161,USHMM,Eva Bentley,RG-50.462*0031,Bentley
162,USC Shoah Foundation,Eli Benyacar,15115,Benyacar
163,USHMM,Ruth Berger,RG-50.165*0003,Berger
164,USC Shoah Foundation,Joseph Berger,10905,Berger
165,USHMM,Ruth Berger,RG-50.322*0026,Berger
166,USC Shoah Foundation,Shlomo Berger,9987,Berger
167,USHMM,Ms. Sabina Berggren,RG-50.030*0781,Berggren
168,USHMM,Evelyn A. Bergl,RG-50.030*0498,Bergl
169,USHMM,Zdenko Bergl,RG-50.030*0499,Bergl
170,USHMM,David Bergman,RG-50.030*0020,Bergman
171,USHMM,Abraham Bergman,RG-50.233*0006,Bergman
172,USC Shoah Foundation,Eva Bergmann,2435,Bergmann
173,USC Shoah Foundation,Sonja Berkelhammer,16140,Berkelhammer
174,USC Shoah Foundation,Israel Berkenwald,7546,Berkenwald
175,USC Shoah Foundation,Leo Berkenwald,2578,Berkenwald
176,USHMM,Morris Berkowitz,RG-50.322*0027,Berkowitz
177,USHMM,Sarah Berkowitz,RG-50.165*0004,Berkowitz
178,USHMM,Susan Berlin,RG-50.106*0159,Berlin
179,USC Shoah Foundation,Gizel Berman,6845,Berman
180,USHMM,Henry Bermanis,RG-50.030*0341,Bermanis
181,USHMM,Frederic L. Bernard,RG-50.030*0021,Bernard
182,USHMM,Sheila P. Bernard,RG-50.030*0069,Bernard
183,USHMM,Mr. Michael Bernath,RG-50.030*0022,Bernath
184,USHMM,Kate Bernath,RG-50.030*0023,Bernath
185,USHMM,Reva Bernstein,RG-50.165*0006,Bernstein
186,USC Shoah Foundation,Sonia Berson,210,Berson
187,USHMM,Mr. Henry Bialowas,RG-50.030*0512,Bialowas
188,USHMM,Hanna Biberstein,RG-50.030*0421,Biberstein
189,USC Shoah Foundation,Sonia Bielski,23579,Bielski
190,USC Shoah Foundation,Lillian Bielsky-Bell,23131,Bielsky-Bell
191,USHMM,Lillian Bielsky-Bell,RG-50.030*0026,Bielsky-Bell
192,USC Shoah Foundation,Richard Billauer,1173,Billauer
193,USC Shoah Foundation,Engelina Billauer,1172,Billauer
194,USC Shoah Foundation,Celina Biniaz,11133,Biniaz
195,USC Shoah Foundation,Hershel Binstock,22004,Binstock
196,USHMM,Louise Birch,RG-50.344*0005,Birch
197,USHMM,Paula S. Biren,RG-50.030*0500,Biren
198,USHMM,Fani Birnberg,RG-50.030*0196,Birnberg
199,USHMM,Brian Bishop,RG-50.030*0711,Bishop
200,USHMM,Herbert Bitter,RG-50.106*0065,Bitter
201,USC Shoah Foundation,Isaac Bitton,19210,Bitton
202,USHMM,Mr. Isaac Bitton,RG-50.030*0027,Bitton
203,USC Shoah Foundation,Livia Bitton-Jackson,2916,Bitton-Jackson
204,USHMM,Dr. Peter Black,RG-50.030*0409,Black
205,USHMM,Frank Blaichman,RG-50.042*0006,Blaichman
206,USHMM,Haim Blanc,RG-50.010*0012,Blanc
207,USC Shoah Foundation,Henry Blasenstein,17337,Blasenstein
208,USHMM,Thomas T. Blatt,RG-50.030*0028,Blatt
209,USC Shoah Foundation,Thomas Blatt,1873,Blatt
210,USHMM,Thomas T. Blatt,RG-50.549.01*0014,Blatt
211,USHMM,Magda Blau,RG-50.030*0030,Blau
212,USHMM,Fred Blau,RG-50.060*0008,Blau
213,USHMM,Bela Blau,RG-50.030*0029,Blau
214,USC Shoah Foundation,Magda Blau,19441,Blau
215,USHMM,Lily Blayer,RG-50.031*0005,Blayer
216,USHMM,Rita Blinstein,RG-50.405*0009,Blinstein
217,USHMM,Alex Blinstein,RG-50.405*0008,Blinstein
218,USC Shoah Foundation,Harold Blitzer,20609,Blitzer
219,USC Shoah Foundation,Gottfried Bloch,107,Bloch
220,USC Shoah Foundation,Dorothea Bloch,3360,Bloch
221,USHMM,Ms. Paula G. Blue,RG-50.030*0537,Blue
222,USC Shoah Foundation,Irmgard Blum,15193,Blum
223,USHMM,Alice Bogart,RG-50.233*0008,Bogart
224,USHMM,Sonia Boldo,RG-50.030*0025,Boldo
225,USC Shoah Foundation,Abraham Bomba,18061,Bomba
226,USHMM,Avraham Bomba,RG-50.030*0033,Bomba
227,USHMM,Eric H. Bondy,RG-50.030*0669,Bondy
228,USHMM,Philip Bonner,RG-50.462*0101,Bonner
229,USHMM,Ellen Bonnie,RG-50.344*0008,Bonnie
230,USHMM,Father Henry van den Boogard,RG-50.030*0321,Boogard
231,USC Shoah Foundation,Claire Boren,18572,Boren
232,USC Shoah Foundation,Adam Boren,18575,Boren
233,USC Shoah Foundation,Henry Borenstein,5430,Borenstein
234,USC Shoah Foundation,Irene Boris,18450,Boris
235,USHMM,Eugenia Boroff,RG-50.243*0005,Boroff
236,USC Shoah Foundation,Leon Borovick,25938,Borovick
237,USHMM,Ruth Borsos,RG-50.030*0035,Borsos
238,USHMM,Chasten L. Bowen,RG-50.030*0691,Bowen
239,USHMM,Kenneth Bowers,RG-50.010*0013,Bowers
240,USC Shoah Foundation,Penina Bowman,11671,Bowman
241,USHMM,Miriam Brach,RG-50.165*0009,Brach
242,USC Shoah Foundation,Michael Brand,10397,Brand
243,USC Shoah Foundation,Ellen Brandt,22972,Brandt
244,USHMM,Shony A. Braun,RG-50.042*0007,Braun
245,USHMM,Shony A. Braun,RG-50.030*0036,Braun
246,USHMM,Robert Braun,RG-50.755*0003,Braun
247,USC Shoah Foundation,Shari Braun,1249,Braun
248,USC Shoah Foundation,Ernest Braunstein,5313,Braunstein
249,USC Shoah Foundation,Linda Breder,22979,Breder
250,USC Shoah Foundation,Barbara Bregman,25912,Bregman
251,USHMM,Mr. Leo Bretholz,RG-50.030*0038,Bretholz
252,USHMM,Mr. Leo Bretholz,RG-50.042*0008,Bretholz
253,USHMM,Mr. Leo Bretholz,RG-50.549.02*0016,Bretholz
254,USHMM,Eva Brettler,RG-50.030*0546,Brettler
255,USHMM,Maria Brieger,RG-50.233*0011,Brieger
256,USHMM,George Brieger,RG-50.233*0010,Brieger
257,USC Shoah Foundation,Harry Brill,2165,Brill
258,USHMM,Clarence Brockman,RG-50.030*0579,Brockman
259,USC Shoah Foundation,Joseph Brod,13315,Brod
260,USC Shoah Foundation,Sarah Brodaty,9729,Brodaty
261,USHMM,Zelda P. Brodecki,RG-50.470*0002,Brodecki
262,USHMM,Boleslaw Brodecki,RG-50.470*0001,Brodecki
263,USHMM,Boleslaw Brodecki,RG-50.030*0040,Brodecki
264,USHMM,Boleslaw Brodecki,RG-50.549.02*0070,Brodecki
265,USHMM,Zelda P. Brodecki,RG-50.549.02*0071,Brodecki
266,USHMM,Zelda P. Brodecki,RG-50.030*0041,Brodecki
267,USHMM,Anya Brodman,RG-50.154*0007,Brodman
268,USHMM,Jacob Brodman,RG-50.154*0008,Brodman
269,USHMM,Ms. Lili Brody-Carmosino,RG-50.030*0541,Brody-Carmosino
270,USHMM,Hebert Broh,RG-50.462*0102,Broh
271,USHMM,Felicia Broh,RG-50.156*0006,Broh
272,USHMM,David Brombart,RG-50.106*0170,Brombart
273,USC Shoah Foundation,Leny Bromet,1183,Bromet
274,USC Shoah Foundation,Clara Bronstein,11904,Bronstein
275,USC Shoah Foundation,Mark Bronstein,5559,Bronstein
276,USHMM,Paula Bronstein,RG-50.030*0547,Bronstein
277,USHMM,Dino A. Brugioni,RG-50.030*0771,Brugioni
278,USHMM,Barry Bruk,RG-50.005*0019,Bruk
279,USHMM,Charles Bruml,RG-50.030*0042,Bruml
280,USHMM,Hana Bruml,RG-50.030*0043,Bruml
281,USC Shoah Foundation,Susan Brunn,24884,Brunn
282,USHMM,Rose G. Brunswic,RG-50.030*0044,Brunswic
283,USHMM,Claude R. Brunswic,RG-50.233*0012,Brunswic
284,USHMM,Roger Bryan,RG-50.462*0076,Bryan
285,USC Shoah Foundation,Henia Bryer,5970,Bryer
286,USC Shoah Foundation,Fred Buch,449,Buch
287,USHMM,Raymond S. Buch,RG-50.030*0045,Buch
288,USHMM,John Bucur,RG-50.106*0160,Bucur
289,USHMM,Zew Budansky,RG-50.010*0015,Budansky
290,USHMM,Agnieszka Budna-Widerschal,RG-50.012*0010,Budna-Widerschal
291,USHMM,Thomas Buergenthal,RG-50.165*0010,Buergenthal
292,USHMM,Thomas Buergenthal,RG-50.549.03*0001,Buergenthal
293,USHMM,Thomas Buergenthal,RG-50.030*0046,Buergenthal
294,USHMM,Thomas Buergenthal,RG-50.549.01*0005,Buergenthal
295,USHMM,Ruth Buhling,RG-50.030*0516,Buhling
296,USHMM,Joseph Bukiet,RG-50.165*0011,Bukiet
297,USC Shoah Foundation,Miriam Buks,12438,Buks
298,USHMM,James M. Burgess,RG-50.920*0001,Burgess
299,USHMM,Eva Burns,RG-50.462*0004,Burns
300,USHMM,Harold Burson,RG-50.030*0717,Burson
301,USHMM,Malvina Burstein,RG-50.030*0351,Burstein
302,USC Shoah Foundation,Sonia Burstyn,24125,Burstyn
303,USHMM,Mrs. Stefania P. Burzminski,RG-50.030*0048,Burzminski
304,USHMM,Mr. Julian J. Bussgang,RG-50.030*0473,Bussgang
305,USHMM,Ms. Jeanine G. Butnaru,RG-50.030*0050,Butnaru
306,USHMM,Ion C. Butnaru,RG-50.030*0049,Butnaru
307,USC Shoah Foundation,Lilly Tykocinski Butnick,2350,Butnick
308,USHMM,Jim Cacioppo,RG-50.470*0003,Cacioppo
309,USHMM,Alice L. Cahana,RG-50.030*0051,Cahana
310,USHMM,Lory G. Cahn,RG-50.462*0032,Cahn
311,USC Shoah Foundation,Allen Caine,7873,Caine
312,USHMM,Ann Callman,RG-50.150*0001,Callman
313,USHMM,Ann Callman,RG-50.150*0002,Callman
314,USHMM,David Campbell,RG-50.010*0016,Campbell
315,USC Shoah Foundation,Israel Cappell,1502,Cappell
316,USHMM,Renee Carasso,RG-50.233*0014,Carasso
317,USHMM,Philip Carlquist,RG-50.010*0017,Carlquist
318,USC Shoah Foundation,Sam Carmel,3361,Carmel
319,USC Shoah Foundation,Felicia Carmelly,25598,Carmelly
320,USHMM,William Cartledge,RG-50.010*0018,Cartledge
321,USC Shoah Foundation,Joseph Carver,9262,Carver
322,USHMM,Michael M. Cernea,RG-50.030*0495,Cernea
323,USHMM,Renia Chadajo,RG-50.165*0012,Chadajo
324,USC Shoah Foundation,Erwin Chaim,21788,Chaim
325,USHMM,Leon Chameides,RG-50.549.02*0029,Chameides
326,USC Shoah Foundation,Howard Chandler,7739,Chandler
327,USC Shoah Foundation,Elsa Chandler,7744,Chandler
328,USC Shoah Foundation,Charlotte Chaney,2804,Chaney
329,USC Shoah Foundation,Boris Chartan,15082,Chartan
330,USHMM,Renate F. Chernoff,RG-50.106*0166,Chernoff
331,USC Shoah Foundation,Alex Chevion,20021,Chevion
332,USC Shoah Foundation,Rita Childs,7600,Childs
333,USC Shoah Foundation,Andreas Chrambach,23428,Chrambach
334,USHMM,Mendel Chulew,RG-50.165*0013,Chulew
335,USC Shoah Foundation,Edith Cimmer,25381,Cimmer
336,USHMM,Franklin L. Clark,RG-50.010*0019,Clark
337,USC Shoah Foundation,Robert Clary,95,Clary
338,USC Shoah Foundation,Esther Clifford,22237,Clifford
339,USC Shoah Foundation,Regina Clipper,2758,Clipper
340,USHMM,Ralph Codikow,RG-50.030*0055,Codikow
341,USHMM,Daniel Cogar,RG-50.010*0020,Cogar
342,USHMM,Solomon Cohen,RG-50.106*0017,Cohen
343,USHMM,Lily Cohen,RG-50.030*0575,Cohen
344,USC Shoah Foundation,Aaron Cohen,19807,Cohen
345,USHMM,Betsy Cohen,RG-50.030*0507,Cohen
346,USC Shoah Foundation,Betty Cohen,7177,Cohen
347,USHMM,Mr. Henry Cohen,RG-50.030*0362,Cohen
348,USHMM,Marthe Cohn,RG-50.030*0374,Cohn
349,USC Shoah Foundation,Herman Cohn,24163,Cohn
350,USC Shoah Foundation,William Cohn,22174,Cohn
351,USHMM,Margaret Colb,RG-50.165*0014,Colb
352,USC Shoah Foundation,Henry Coleman,5371,Coleman
353,USHMM,Mr. José Coltof,RG-50.030*0548,Coltof
354,USHMM,Ms. Feiga Hollenberg Connors,RG-50.030*0543,Connors
355,USHMM,Ms. Eva B. Cooper,RG-50.030*0056,Cooper
356,USHMM,Jerry Cooper,RG-50.165*0015,Cooper
357,USC Shoah Foundation,Marianne Cooper,1132,Cooper
358,USHMM,Ms. Eva B. Cooper,RG-50.549.02*0047,Cooper
359,USHMM,Margitta Cooper,RG-50.106*0147,Cooper
360,USHMM,Suzanne Coppel,RG-50.030*0676,Coppel
361,USHMM,Claudia Cords-Damon,RG-50.926*0002,Cords-Damon
362,USHMM,Kenneth W. Cotton,RG-50.010*0022,Cotton
363,USHMM,Norman G. Coulson,RG-50.030*0723,Coulson
364,USC Shoah Foundation,Ruth Crane,21437,Crane
365,USHMM,Edith Csengeri,RG-50.030*0415,Csengeri
366,USHMM,Ernest Culman,RG-50.030*0504,Culman
367,USHMM,Eva Cutler,RG-50.462*0055,Cutler
368,USC Shoah Foundation,Meyer Cyker,11593,Cyker
369,USC Shoah Foundation,Danka Cyngler,22511,Cyngler
370,USHMM,Stefan Czyzewski,RG-50.549.02*0023,Czyzewski
371,USHMM,Stefan Czyzewski,RG-50.030*0387,Czyzewski
372,USHMM,Dov Dafner,RG-50.030*0283,Dafner
373,USC Shoah Foundation,John Damski,444,Damski
374,USC Shoah Foundation,Betty Daniel,6016,Daniel
375,USHMM,Yael Danieli,RG-50.243*0007,Danieli
376,USC Shoah Foundation,Peter Daniels,1721,Daniels
377,USHMM,Mr. Erwin R. Dankner,RG-50.030*0674,Dankner
378,USC Shoah Foundation,Abe Danko,5225,Danko
379,USC Shoah Foundation,Edith Danko,5228,Danko
380,USHMM,Ruth Danner,RG-50.028*0009,Danner
381,USHMM,Isaac Danon,RG-50.549.02*0038,Danon
382,USHMM,Isaac Danon,RG-50.030*0058,Danon
383,USC Shoah Foundation,Nora Danzig,18654,Danzig
384,USC Shoah Foundation,Emanuel Darin,4693,Darin
385,USHMM,Richard Darr,RG-50.156*0008,Darr
386,USC Shoah Foundation,Ellen Kerry Davis,14724,Davis
387,USHMM,Frances Davis,RG-50.030*0348,Davis
388,USHMM,David Davis,RG-50.030*0347,Davis
389,USC Shoah Foundation,Alexander Davis,10353,Davis
390,USHMM,Ms. Irena Urdang DeTour,RG-50.165*0016,DeTour
391,USHMM,Donald J. Dean,RG-50.156*0009,Dean
392,USC Shoah Foundation,Joshua Degani,6052,Degani
393,USHMM,William Denson,RG-50.030*0268,Denson
394,USC Shoah Foundation,William Denson,13079,Denson
395,USHMM,Aron Derman,RG-50.233*0020,Derman
396,USHMM,Aron Derman,RG-50.030*0299,Derman
397,USHMM,Eva Desrosiers,RG-50.030*0707,Desrosiers
398,USHMM,Madeline Deutsch,RG-50.030*0060,Deutsch
399,USC Shoah Foundation,Elizabeth Deutsch,3949,Deutsch
400,USHMM,Fred Deutsch,RG-50.549.02*0034,Deutsch
401,USC Shoah Foundation,Adolf Deutsch,443,Deutsch
402,USHMM,Fred Deutsch,RG-50.030*0274,Deutsch
403,USHMM,Madeline Deutsch,RG-50.549.01*0027,Deutsch
404,USC Shoah Foundation,Ivan Devai,4686,Devai
405,USHMM,Maria Devinki,RG-50.106*0002,Devinki
406,USHMM,Esther Dezube,RG-50.549.04*0003,Dezube
407,USHMM,Dustin Dezube,RG-50.549.04*0002,Dezube
408,USHMM,Phil DiGiorgio,RG-50.462*0103,DiGiorgio
409,USC Shoah Foundation,Freddy Diament,17135,Diament
410,USHMM,Michael A. Diamond,RG-50.030*0061,Diamond
411,USHMM,Michael A. Diamond,RG-50.549.02*0039,Diamond
412,USC Shoah Foundation,"Leon ""Leib"" Dimerman",13556,Dimerman
413,USHMM,Dora K. Dimitro,RG-50.030*0372,Dimitro
414,USC Shoah Foundation,Joe Dispeker,11290,Dispeker
415,USHMM,Reidar Dittmann,RG-50.156*0010,Dittmann
416,USHMM,Roy W. Dodd,RG-50.010*0026,Dodd
417,USC Shoah Foundation,Sonia Hochman Dodek,11472,Dodek
418,USHMM,John Dolibois,RG-50.030*0408,Dolibois
419,USC Shoah Foundation,Bluma Doman,9908,Doman
420,USHMM,Enrique Don,RG-50.030*0291,Don
421,USHMM,Leif Donde,RG-50.030*0062,Donde
422,USHMM,Ava Dorfman,RG-50.030*0317,Dorfman
423,USC Shoah Foundation,Victor Dortheimer,22469,Dortheimer
424,USHMM,Eli Dortort,RG-50.106*0167,Dortort
425,USC Shoah Foundation,Rachel Drabkin,18294,Drabkin
426,USC Shoah Foundation,Reuben Drehspul,4967,Drehspul
427,USC Shoah Foundation,Clara Dreier,2568,Dreier
428,USC Shoah Foundation,Dora Drescher,25544,Drescher
429,USC Shoah Foundation,Jonathan Dresner,15577,Dresner
430,USC Shoah Foundation,Henry Dressler,3631,Dressler
431,USHMM,Joseph Drewry,RG-50.010*0028,Drewry
432,USHMM,Gabriel Drimer,RG-50.462*0056,Drimer
433,USHMM,Henry Drobiarz,RG-50.233*0021,Drobiarz
434,USC Shoah Foundation,Barbara Drotow,352,Drotow
435,USC Shoah Foundation,Al Drotow,209,Drotow
436,USC Shoah Foundation,Stephanie Druc,6777,Druc
437,USC Shoah Foundation,Olga Drucker,13673,Drucker
438,USHMM,Sonja DuBois,RG-50.030*0549,DuBois
439,USC Shoah Foundation,Warren Dunn,22047,Dunn
440,USC Shoah Foundation,Else Dunner,23599,Dunner
441,USHMM,Lou Dunst,RG-50.544*0001,Dunst
442,USC Shoah Foundation,Andrew Durovecz,27335,Durovecz
443,USC Shoah Foundation,Max Durst,2004,Durst
444,USC Shoah Foundation,Demetrius Dvoichenko-Markov,12666,Dvoichenko-Markov
445,USHMM,Dr. Joseph Eaton,RG-50.030*0581,Eaton
446,USHMM,Karen Ebel,RG-50.926*0003,Ebel
447,USHMM,Ruth Eberly,RG-50.344*0001,Eberly
448,USHMM,Alice Eberstarkova,RG-50.030*0360,Eberstarkova
449,USHMM,Mr. Harry W. Ebert,RG-50.030*0592,Ebert
450,USHMM,Margaret Ebert,RG-50.322*0005,Ebert
451,USHMM,Dr. Eva V. Ebin,RG-50.165*0018,Ebin
452,USHMM,Sylvia Ebner,RG-50.462*0104,Ebner
453,USC Shoah Foundation,Lillian Eckstein,1141,Eckstein
454,USHMM,Erika N. Eckstut,RG-50.106*0148,Eckstut
455,USC Shoah Foundation,Vera Eden,16503,Eden
456,USHMM,Eva Edmands,RG-50.030*0064,Edmands
457,USHMM,Mrs. Eva Edmands,RG-50.549.01*0013,Edmands
458,USHMM,Maria Efes,RG-50.233*0022,Efes
459,USHMM,Paula Ehrenberg,RG-50.150*0003,Ehrenberg
460,USHMM,Lucille Eichengreen,RG-50.030*0417,Eichengreen
461,USC Shoah Foundation,Lidia Eichenholz,5248,Eichenholz
462,USC Shoah Foundation,Ann Eichner,20218,Eichner
463,USHMM,David Eiger,RG-50.156*0011,Eiger
464,USHMM,Dr. Julius Eingorn,RG-50.462*0077,Eingorn
465,USHMM,Arnold Einhorn,RG-50.030*0306,Einhorn
466,USC Shoah Foundation,Sol Einhorn,15028,Einhorn
467,USHMM,Susan Eisdorfer,RG-50.030*0326,Eisdorfer
468,USC Shoah Foundation,Eva Eiseman,22660,Eiseman
469,USHMM,Florence Eisen,RG-50.549.01*0022,Eisen
470,USC Shoah Foundation,Max Eisen,942,Eisen
471,USC Shoah Foundation,George Eisenberg,20581,Eisenberg
472,USC Shoah Foundation,Irving Eisner,11089,Eisner
473,USHMM,Malvina G. Eisner,RG-50.462*0058,Eisner
474,USHMM,Hannah Eisner,RG-50.150*0004,Eisner
475,USC Shoah Foundation,Edna Eizenstein,9486,Eizenstein
476,USC Shoah Foundation,Borys Eizenstein,9489,Eizenstein
477,USC Shoah Foundation,Ruth Elcott,18865,Elcott
478,USHMM,Joseph Elman,RG-50.549.02*0080,Elman
479,USHMM,Joseph Elman,RG-50.030*0390,Elman
480,USC Shoah Foundation,Aaron Elster,8527,Elster
481,USHMM,Diet Eman,RG-50.030*0481,Eman
482,USHMM,Malvina Engel,RG-50.005*0028,Engel
483,USHMM,Ms. Selma S. Engel,RG-50.030*0067,Engel
484,USHMM,Ms. Selma S. Engel,RG-50.233*0024,Engel
485,USHMM,Ms. Selma S. Engel,RG-50.042*0010,Engel
486,USC Shoah Foundation,Chaim Engel,7683,Engel
487,USHMM,Chaim Engel,RG-50.042*0009,Engel
488,USHMM,Chaim Engel,RG-50.030*0066,Engel
489,USHMM,Morris Engelson,RG-50.030*0068,Engelson
490,USC Shoah Foundation,Hedy Epstein,9701,Epstein
491,USHMM,Paula Epstein,RG-50.154*0009,Epstein
492,USC Shoah Foundation,Max Epstein,1338,Epstein
493,USHMM,Helene Erman,RG-50.322*0007,Erman
494,USHMM,Hans Erman,RG-50.322*0006,Erman
495,USHMM,Peter Ernst,RG-50.030*0272,Ernst
496,USHMM,Ms. Bertl R. Esenstad,RG-50.030*0588,Esenstad
497,USC Shoah Foundation,Moses Essig,10335,Essig
498,USHMM,Greta Etingen,RG-50.405*0007,Etingen
499,USC Shoah Foundation,Elizabeth Etinger,20800,Etinger
500,USHMM,Ms. Anita Etzyon,RG-50.106*0175,Etzyon
501,USC Shoah Foundation,Lewis Fagen,1857,Fagen
502,USC Shoah Foundation,Rena Fagen,1860,Fagen
503,USC Shoah Foundation,Helen Fagin,11964,Fagin
504,USHMM,Dr. Helen Fagin,RG-50.470*0004,Fagin
505,USHMM,Romeo J. Fagiolo,RG-50.030*0567,Fagiolo
506,USC Shoah Foundation,Stella Faitek,26914,Faitek
507,USHMM,Ari Falik,RG-50.010*0032,Falik
508,USHMM,Sylvia Farber,RG-50.030*0466,Farber
509,USHMM,Miriam Farcus,RG-50.030*0098,Farcus
510,USHMM,Mr. William Farkas,RG-50.030*0071,Farkas
511,USHMM,Barbara Marton Farkas,RG-50.030*0070,Farkas
512,USHMM,Barbara Marton Farkas,RG-50.549.01*0008,Farkas
513,USHMM,John Farnbacher,RG-50.322*0008,Farnbacher
514,USC Shoah Foundation,Romana Farrington,16214,Farrington
515,USC Shoah Foundation,Sam Fasenfest,9728,Fasenfest
516,USHMM,Susan N. Faulkner,RG-50.462*0005,Faulkner
517,USC Shoah Foundation,Charles Fawcett,15396,Fawcett
518,USHMM,Theodore Feder,RG-50.030*0335,Feder
519,USHMM,Simon Federman,RG-50.030*0338,Federman
520,USHMM,Johannes Feenstra,RG-50.322*0009,Feenstra
521,USC Shoah Foundation,Nathan Fefer,3653,Fefer
522,USHMM,Annette Fein,RG-50.030*0551,Fein
523,USHMM,Ruth Feist,RG-50.322*0011,Feist
524,USHMM,Eva Feist,RG-50.150*0005,Feist
525,USHMM,Robert Feist,RG-50.322*0010,Feist
526,USC Shoah Foundation,Dov Feit,5761,Feit
527,USHMM,David Felberman,RG-50.165*0021,Felberman
528,USHMM,Moritz Felberman,RG-50.165*0022,Felberman
529,USHMM,Ninetta Matsas Feldman,RG-50.030*0586,Feldman
530,USC Shoah Foundation,Ignac Feldman,4695,Feldman
531,USC Shoah Foundation,Lily Feldman,4078,Feldman
532,USC Shoah Foundation,Albert Feldman,2946,Feldman
533,USHMM,Gisela Feldman,RG-50.030*0429,Feldman
534,USC Shoah Foundation,Manya Feldman,9245,Feldman
535,USC Shoah Foundation,Charles Ferree,26728,Ferree
536,USC Shoah Foundation,Sara Fershko,10825,Fershko
537,USHMM,Tatiana Fertelmeyster,RG-50.405*0015,Fertelmeyster
538,USHMM,Igor Fertelmeyster,RG-50.405*0014,Fertelmeyster
539,USHMM,Marian Filar,RG-50.462*0034,Filar
540,USHMM,Herbert Finder,RG-50.462*0035,Finder
541,USC Shoah Foundation,Rena Finder,21482,Finder
542,USC Shoah Foundation,Fred Findling,19923,Findling
543,USHMM,Rose Fine,RG-50.462*0006,Fine
544,USC Shoah Foundation,Tama Fineberg,17867,Fineberg
545,USHMM,Paulette Fink,RG-50.042*0011,Fink
546,USC Shoah Foundation,Paulette Fink,11744,Fink
547,USHMM,Paulette Fink,RG-50.156*0012,Fink
548,USC Shoah Foundation,Sidney Finkel,1929,Finkel
549,USC Shoah Foundation,Zalman Finkelstein,18520,Finkelstein
550,USHMM,Michael Finkelstein,RG-50.462*0078,Finkelstein
551,USC Shoah Foundation,Slava Fintel,14091,Fintel
552,USC Shoah Foundation,Rita Finver,10768,Finver
553,USC Shoah Foundation,Raymonde Fiol,10970,Fiol
554,USHMM,Barbara Firestone,RG-50.030*0570,Firestone
555,USC Shoah Foundation,Renée Firestone,151,Firestone
556,USHMM,Fred Firnbacher,RG-50.030*0587,Firnbacher
557,USC Shoah Foundation,Robert Fisch,14292,Fisch
558,USHMM,Robert Fisch,RG-50.156*0013,Fisch
559,USHMM,Steen Fischer,RG-50.030*0418,Fischer
560,USC Shoah Foundation,Rosette Fischer,8233,Fischer
561,USC Shoah Foundation,Ralph Fischer,8234,Fischer
562,USC Shoah Foundation,Anna Fischer,214,Fischer
563,USC Shoah Foundation,Kitty Fischer,1677,Fischer
564,USC Shoah Foundation,Pèter Fischl,1603,Fischl
565,USHMM,Sevek Fishman,RG-50.233*0026,Fishman
566,USHMM,Lee Fishman,RG-50.322*0012,Fishman
567,USHMM,Lonia Fishman,RG-50.233*0025,Fishman
568,USHMM,Irene Fishman,RG-50.165*0024,Fishman
569,USHMM,Emma Fiszlewicz,RG-50.322*0013,Fiszlewicz
570,USC Shoah Foundation,Eric Flagg,11844,Flagg
571,USC Shoah Foundation,Paula Flancbaum,9110,Flancbaum
572,USC Shoah Foundation,Hyman Flancbaum,9113,Flancbaum
573,USC Shoah Foundation,Mendel Flaster,9963,Flaster
574,USC Shoah Foundation,Nathan Fleischer,428,Fleischer
575,USHMM,Bert Fleming,RG-50.030*0365,Fleming
576,USHMM,Irene S. Fleming,RG-50.030*0430,Fleming
577,USHMM,Henny Fletcher,RG-50.030*0290,Fletcher
578,USC Shoah Foundation,Lyonell Fliss,26699,Fliss
579,USHMM,Gertrude G. Flor,RG-50.030*0436,Flor
580,USHMM,Samuel Flor,RG-50.462*0105,Flor
581,USHMM,Samuel Flor,RG-50.030*0295,Flor
582,USC Shoah Foundation,Erna Florsheim,21139,Florsheim
583,USC Shoah Foundation,Toby Fluek,8753,Fluek
584,USC Shoah Foundation,Frances Flumenbaum,11642,Flumenbaum
585,USC Shoah Foundation,Leon Flumenbaum,14212,Flumenbaum
586,USHMM,Ms. Esther Fol,RG-50.030*0550,Fol
587,USHMM,Suzanne Foldes,RG-50.470*0005,Foldes
588,USHMM,Karessa M. Foldvary,RG-50.462*0037,Foldvary
589,USC Shoah Foundation,Jules Forgacs,2684,Forgacs
590,USHMM,Nathan Form,RG-50.462*0079,Form
591,USC Shoah Foundation,Ruth Foster,9538,Foster
592,USC Shoah Foundation,Esther Fox,766,Fox
593,USHMM,Solomon Fox,RG-50.030*0322,Fox
594,USHMM,Mr. Abraham H. Foxman,RG-50.165*0027,Foxman
595,USHMM,Father Francis,RG-50.030*0052,Francis
596,USHMM,Anita M. Frank,RG-50.030*0072,Frank
597,USHMM,Betti Frank,RG-50.462*0059,Frank
598,USHMM,Helmut Frank,RG-50.462*0080,Frank
599,USHMM,Jack Frank,RG-50.031*0016,Frank
600,USHMM,Stephen Frank,RG-50.030*0057,Frank
601,USHMM,Anita M. Frank,RG-50.549.01*0017,Frank
602,USHMM,Flora Frank,RG-50.561*0001,Frank
603,USC Shoah Foundation,Henry Frankel,20142,Frankel
604,USHMM,Leigh Fraser,RG-50.462*0060,Fraser
605,USHMM,Gloria Fredkove,RG-50.043*0002,Fredkove
606,USC Shoah Foundation,Eva Freedman,22944,Freedman
607,USHMM,Judy Freeman,RG-50.462*0081,Freeman
608,USHMM,Brigitte Freidin,RG-50.106*0140,Freidin
609,USHMM,Henry Freier,RG-50.156*0014,Freier
610,USHMM,Dora Freilich,RG-50.462*0007,Freilich
611,USC Shoah Foundation,Philip Freund,16790,Freund
612,USC Shoah Foundation,Gerda Frieberg,13395,Frieberg
613,USHMM,Ms. Rebecca Fried,RG-50.030*0664,Fried
614,USHMM,Viliam Fried,RG-50.030*0073,Fried
615,USC Shoah Foundation,Eugene Fried,3474,Fried
616,USC Shoah Foundation,Aniko Friedberg,10162,Friedberg
617,USHMM,Dr. Maurice Friedberg,RG-50.030*0536,Friedberg
618,USC Shoah Foundation,Gideon Frieder,22840,Frieder
619,USHMM,Alex Friedgan,RG-50.405*0016,Friedgan
620,USHMM,Mark Friedgan,RG-50.405*0018,Friedgan
621,USHMM,Marion Friedman,RG-50.106*0086,Friedman
622,USHMM,Lilly Friedman,RG-50.462*0061,Friedman
623,USHMM,Ilse Friedman,RG-50.154*0010,Friedman
624,USC Shoah Foundation,Simon Friedman,11175,Friedman
625,USC Shoah Foundation,Norbert Friedman,3022,Friedman
626,USC Shoah Foundation,Samuel Friedman,24462,Friedman
627,USHMM,Herbert Friedman,RG-50.030*0595,Friedman
628,USC Shoah Foundation,Sonia Friedman,2735,Friedman
629,USHMM,Dr. Joe Friedman,RG-50.030*0380,Friedman
630,USHMM,John Friedmann,RG-50.233*0029,Friedmann
631,USHMM,Nina Frisch,RG-50.462*0082,Frisch
632,USHMM,Irene Frisch,RG-50.059*0004,Frisch
633,USHMM,Irene Frisch,RG-50.233*0030,Frisch
634,USHMM,Ms. Renée S. Fritz,RG-50.030*0076,Fritz
635,USHMM,Fritzie W. Fritzshall,RG-50.030*0075,Fritzshall
636,USHMM,Fritzie W. Fritzshall,RG-50.549.02*0020,Fritzshall
637,USHMM,Henry Froehlich,RG-50.462*0038,Froehlich
638,USHMM,Adela Froiman,RG-50.165*0028,Froiman
639,USC Shoah Foundation,Si Frumkin,150,Frumkin
640,USHMM,Rachael Frydman,RG-50.322*0014,Frydman
641,USHMM,Doris Fuchs,RG-50.030*0086,Fuchs
642,USC Shoah Foundation,Ilona Fuchs,25287,Fuchs
643,USHMM,Lily Fuchs,RG-50.154*0012,Fuchs
644,USHMM,Jack Fuchs,RG-50.154*0011,Fuchs
645,USC Shoah Foundation,Henry Fuchs,17625,Fuchs
646,USC Shoah Foundation,Morton Fuchs,25288,Fuchs
647,USHMM,Ari Fuhrman,RG-50.462*0062,Fuhrman
648,USC Shoah Foundation,Andrew Furst,16245,Furst
649,USHMM,Boris G.,RG-50.405*0028,G.
650,USHMM,Betya G.,RG-50.405*0027,G.
651,USC Shoah Foundation,Dario Gabbai,142,Gabbai
652,USHMM,Steven Galezewski,RG-50.030*0377,Galezewski
653,USHMM,Mr. Henry Gallant,RG-50.030*0528,Gallant
654,USHMM,Mr. Melvin Galun,RG-50.106*0176,Galun
655,USC Shoah Foundation,Mojsze Ganc,26790,Ganc
656,USC Shoah Foundation,Jacob Gang,1518,Gang
657,USHMM,Manfred Gans,RG-50.030*0489,Gans
658,USHMM,Thomas B. Gardiner,RG-50.106*0090,Gardiner
659,USC Shoah Foundation,Andrew Gardner,1343,Gardner
660,USHMM,Ed Gardner,RG-50.030*0672,Gardner
661,USC Shoah Foundation,Nicholas Gardos-Weisz,2718,Gardos-Weisz
662,USHMM,Felix Garfunkel,RG-50.322*0015,Garfunkel
663,USC Shoah Foundation,Regina Gaska,7188,Gaska
664,USHMM,Martin Gaudian,RG-50.030*0617,Gaudian
665,USC Shoah Foundation,Arie Gedis,11589,Gedis
666,USHMM,Esther Geizhals,RG-50.165*0029,Geizhals
667,USHMM,Vladimir Gekhter,RG-50.405*0021,Gekhter
668,USHMM,Anna Gekhter,RG-50.405*0019,Gekhter
669,USHMM,Ms. Regina L. Gelb,RG-50.549.03*0002,Gelb
670,USHMM,Ms. Regina L. Gelb,RG-50.030*0410,Gelb
671,USHMM,Harry Gelb,RG-50.549.04*0001,Gelb
672,USC Shoah Foundation,Regina Gelb,1061,Gelb
673,USHMM,Ms. Regina L. Gelb,RG-50.549.02*0013,Gelb
674,USC Shoah Foundation,Frances Gelbart,12003,Gelbart
675,USHMM,Herta Gelber,RG-50.469*0002,Gelber
676,USHMM,Mrs. Tana Gelfer,RG-50.106*0001,Gelfer
677,USC Shoah Foundation,Rena Gelissen,11274,Gelissen
678,USHMM,Ruth Geller,RG-50.030*0671,Geller
679,USC Shoah Foundation,Abram Geller,6924,Geller
680,USC Shoah Foundation,Robert Geminder,7157,Geminder
681,USHMM,Ms. Goldie Gendelman,RG-50.106*0074,Gendelman
682,USC Shoah Foundation,Jerry Gerard,1799,Gerard
683,USHMM,Miriam Gerber,RG-50.150*0009,Gerber
684,USHMM,Peter Gersch,RG-50.156*0015,Gersch
685,USC Shoah Foundation,Saul Gershkowitz,13219,Gershkowitz
686,USHMM,Miriam Gershwin,RG-50.471*0008,Gershwin
687,USC Shoah Foundation,Benzion Gerstein,3449,Gerstein
688,USC Shoah Foundation,Daniel Geslewitz,7781,Geslewitz
689,USC Shoah Foundation,Abraham Getman,17044,Getman
690,USC Shoah Foundation,Esther Gever,27347,Gever
691,USHMM,Elizabeth Gevirtz,RG-50.165*0030,Gevirtz
692,USHMM,Natan Gierowitz,RG-50.030*0343,Gierowitz
693,USHMM,Arthur Gifford-England,RG-50.030*0710,Gifford-England
694,USC Shoah Foundation,Zangwill Gilbert,15017,Gilbert
695,USHMM,Bozenna Urbanowicz Gilbride,RG-50.233*0032,Gilbride
696,USHMM,Edward J. di Gilio,RG-50.010*0025,Gilio
697,USHMM,Helen Gilmer,RG-50.165*0031,Gilmer
698,USC Shoah Foundation,Leon Ginsburg,10406,Ginsburg
699,USC Shoah Foundation,George Ginsburg,19596,Ginsburg
700,USHMM,Isaac Ginsburg,RG-50.405*0022,Ginsburg
701,USC Shoah Foundation,Frank Gipps,1641,Gipps
702,USC Shoah Foundation,Fela Gipsman,159,Gipsman
703,USC Shoah Foundation,Natan Gipsman,166,Gipsman
704,USC Shoah Foundation,Vera Gissing,21626,Gissing
705,USC Shoah Foundation,Chana Gitalis,2851,Gitalis
706,USHMM,Florence Gitelman,RG-50.030*0260,Gitelman
707,USHMM,Lena Gitter,RG-50.106*0111,Gitter
708,USHMM,Vera Glasberg,RG-50.030*0561,Glasberg
709,USHMM,Ephraim Glaser,RG-50.462*0063,Glaser
710,USHMM,Samuel Glashow,RG-50.010*0039,Glashow
711,USHMM,Werner Glass,RG-50.462*0083,Glass
712,USHMM,Mr. Andrew J. Glass,RG-50.106*0165,Glass
713,USHMM,Rifka Glatz,RG-50.030*0352,Glatz
714,USC Shoah Foundation,Marianna Glazek,22530,Glazek
715,USC Shoah Foundation,Freda Glezer,11167,Glezer
716,USC Shoah Foundation,Sol Glick,15900,Glick
717,USHMM,Marty Glickman,RG-50.429*0004,Glickman
718,USHMM,Marty Glickman,RG-50.030*0079,Glickman
719,USC Shoah Foundation,Maria Glickman,24650,Glickman
720,USHMM,Marguerite Glicksman,RG-50.030*0404,Glicksman
721,USHMM,Joseph Glikman,RG-50.165*0032,Glikman
722,USC Shoah Foundation,Mendel Gluck,6803,Gluck
723,USHMM,Moris Gluckman,RG-50.106*0051,Gluckman
724,USC Shoah Foundation,Sidney Glucksman,26276,Glucksman
725,USHMM,Dr. Fritz P. Gluckstein,RG-50.029*0020,Gluckstein
726,USC Shoah Foundation,Fritz Gluckstein,26731,Gluckstein
727,USC Shoah Foundation,Feigi Gluss,21611,Gluss
728,USHMM,John Glustrom,RG-50.920*0002,Glustrom
729,USHMM,John Glustrom,RG-50.010*0040,Glustrom
730,USC Shoah Foundation,Allan Donald Goddard,22856,Goddard
731,USHMM,Nesse Godin,RG-50.549.01*0009,Godin
732,USHMM,Ms. Nesse G. Godin,RG-50.470*0006,Godin
733,USHMM,Ms. Nesse G. Godin,RG-50.030*0080,Godin
734,USC Shoah Foundation,Martha Golan,2373,Golan
735,USHMM,Antoni Golba,RG-50.030*0081,Golba
736,USC Shoah Foundation,Betty Gold,2316,Gold
737,USC Shoah Foundation,Emil Goldbarten,7722,Goldbarten
738,USHMM,Sam Goldberg,RG-50.005*0017,Goldberg
739,USC Shoah Foundation,Moses Goldberg,10710,Goldberg
740,USC Shoah Foundation,Johanna Kimmel Goldberg,18802,Goldberg
741,USHMM,Alma Goldberg,RG-50.233*0034,Goldberg
742,USHMM,Herman Goldberg,RG-50.429*0003,Goldberg
743,USHMM,Sam Goldberg,RG-50.042*0012,Goldberg
744,USC Shoah Foundation,Zora Goldberger,9471,Goldberger
745,USC Shoah Foundation,Izchak Goldblatt,3952,Goldblatt
746,USC Shoah Foundation,Anna Goldenberg-Schwarcz,9590,Goldenberg-Schwarcz
747,USHMM,Helen L. Goldkind,RG-50.233*0036,Goldkind
748,USHMM,Helen L. Goldkind,RG-50.030*0083,Goldkind
749,USHMM,Helen L. Goldkind,RG-50.106*0139,Goldkind
750,USHMM,Fred Goldman,RG-50.106*0146,Goldman
751,USC Shoah Foundation,Henia Goldman,7094,Goldman
752,USC Shoah Foundation,Louis Goldman,868,Goldman
753,USHMM,Louis Goldman,RG-50.165*0033,Goldman
754,USHMM,Jerome Goldman,RG-50.154*0013,Goldman
755,USHMM,Jack Goldreich,RG-50.165*0034,Goldreich
756,USHMM,Mr. Werner Goldsmith,RG-50.030*0084,Goldsmith
757,USHMM,Daniel Goldsmith,RG-50.462*0106,Goldsmith
758,USC Shoah Foundation,Judith Goldstein,3666,Goldstein
759,USC Shoah Foundation,Paul Goldstein,13313,Goldstein
760,USHMM,Philip Goldstein,RG-50.233*0037,Goldstein
761,USHMM,Regina Goldstein,RG-50.165*0035,Goldstein
762,USC Shoah Foundation,Regina Goldstein,3820,Goldstein
763,USHMM,Mrs. Leah Goltzman,RG-50.655*0001,Goltzman
764,USC Shoah Foundation,Aharon Golub,7358,Golub
765,USHMM,Helene Goodman,RG-50.462*0107,Goodman
766,USHMM,Max Goodman,RG-50.156*0017,Goodman
767,USHMM,Edith Goodman,RG-50.156*0016,Goodman
768,USC Shoah Foundation,Stanley Goodrich,1419,Goodrich
769,USHMM,Monique Goodrich,RG-50.233*0039,Goodrich
770,USC Shoah Foundation,Jerry Goose,12756,Goose
771,USHMM,Leonard Gordon,RG-50.106*0135,Gordon
772,USHMM,Rabbi Morris Gordon,RG-50.030*0085,Gordon
773,USHMM,Anatole Gorko,RG-50.462*0010,Gorko
774,USHMM,Ms. Alexandra Gorko,RG-50.462*0009,Gorko
775,USC Shoah Foundation,Elizabeth Gorski,23438,Gorski
776,USHMM,Lena Goryunov,RG-50.405*0029,Goryunov
777,USC Shoah Foundation,Adam Goszer,23774,Goszer
778,USC Shoah Foundation,Henry Goteiner,24346,Goteiner
779,USC Shoah Foundation,Bernard Gotfryd,734,Gotfryd
780,USC Shoah Foundation,Marion Gottesman,16163,Gottesman
781,USHMM,Amy Z. Gottlieb,RG-50.030*0398,Gottlieb
782,USHMM,Sonja Gottlieb,RG-50.030*0262,Gottlieb
783,USC Shoah Foundation,George Gottlieb,20035,Gottlieb
784,USC Shoah Foundation,Alfred Gottschalk,18470,Gottschalk
785,USC Shoah Foundation,Rachel Gottstein,24137,Gottstein
786,USHMM,Anita Graber,RG-50.030*0568,Graber
787,USC Shoah Foundation,Jeffrey Gradow,21817,Gradow
788,USC Shoah Foundation,Helen Granek,21527,Granek
789,USHMM,Gertrude Granirer,RG-50.030*0296,Granirer
790,USHMM,Ann Green,RG-50.030*0509,Green
791,USHMM,Sylvia Green,RG-50.549.05*0002,Green
792,USHMM,Bernard Green,RG-50.233*0043,Green
793,USHMM,Sabina Green,RG-50.233*0044,Green
794,USHMM,Milton Green,RG-50.429*0001,Green
795,USHMM,Henry Greenbaum,RG-50.106*0128,Greenbaum
796,USC Shoah Foundation,Helen Greenbaum,10698,Greenbaum
797,USC Shoah Foundation,Bernice Greenbaum,6320,Greenbaum
798,USHMM,Doris F. Greenberg,RG-50.549.02*0028,Greenberg
799,USC Shoah Foundation,Henry Greenblatt,12447,Greenblatt
800,USC Shoah Foundation,Joseph Greenblatt,17606,Greenblatt
801,USC Shoah Foundation,Arnold Greenblatt,20978,Greenblatt
802,USC Shoah Foundation,Ervin Greenfeld,8786,Greenfeld
803,USC Shoah Foundation,Kurt Greenhut,10496,Greenhut
804,USC Shoah Foundation,Leon Greenman,6966,Greenman
805,USC Shoah Foundation,Miriam Greenstein,14900,Greenstein
806,USC Shoah Foundation,Allen Greenstein,5356,Greenstein
807,USC Shoah Foundation,Dorothy Greenstein,5357,Greenstein
808,USC Shoah Foundation,Jean Greenstein,3721,Greenstein
809,USC Shoah Foundation,Irene Gregory,22728,Gregory
810,USHMM,Frieda Greinegger,RG-50.030*0172,Greinegger
811,USC Shoah Foundation,Joseph Gringlas,13851,Gringlas
812,USC Shoah Foundation,Mark Grinims,10359,Grinims
813,USC Shoah Foundation,Dorothy Grinims,10358,Grinims
814,USC Shoah Foundation,Pola Grinstein,21494,Grinstein
815,USC Shoah Foundation,Eva Grinston,2723,Grinston
816,USC Shoah Foundation,Silvia Grohs-Martin,935,Grohs-Martin
817,USC Shoah Foundation,Irving Gromis,20580,Gromis
818,USC Shoah Foundation,Wilhelmina De Groot,4662,Groot
819,USC Shoah Foundation,Max Grosblat,11957,Grosblat
820,USHMM,Max Grosblat,RG-50.156*0018,Grosblat
821,USHMM,Suzanne Gross,RG-50.462*0011,Gross
822,USC Shoah Foundation,Elly Gross,2097,Gross
823,USC Shoah Foundation,Alex Gross,11272,Gross
824,USC Shoah Foundation,Eva Gross,10030,Gross
825,USHMM,Edward Grossman,RG-50.156*0019,Grossman
826,USC Shoah Foundation,Lily Grossman,24544,Grossman
827,USHMM,Gerald Grossman,RG-50.233*0048,Grossman
828,USC Shoah Foundation,Gerald Grossman,3848,Grossman
829,USHMM,Robert Gruber,RG-50.233*0049,Gruber
830,USHMM,Samuel Gruber,RG-50.030*0087,Gruber
831,USHMM,Laura Gruenbaum,RG-50.233*0051,Gruenbaum
832,USHMM,Riane Gruss,RG-50.106*0113,Gruss
833,USHMM,Israel Gruzin,RG-50.030*0088,Gruzin
834,USHMM,Mr. Aron Grynwald,RG-50.002*0058,Grynwald
835,USHMM,Mr. Thaddeus Gubala,RG-50.030*0783,Gubala
836,USC Shoah Foundation,Jack Gun,18627,Gun
837,USHMM,Ms. Hilde Gundel,RG-50.030*0721,Gundel
838,USHMM,Rachel B. Gurdus,RG-50.030*0400,Gurdus
839,USHMM,Algimantas Gureckas,RG-50.030*0608,Gureckas
840,USHMM,Henny Gurko,RG-50.470*0007,Gurko
841,USHMM,Joseph Gurwin,RG-50.030*0508,Gurwin
842,USC Shoah Foundation,Irene Gut-Opdyke,8725,Gut-Opdyke
843,USC Shoah Foundation,Harry Guterman,18056,Guterman
844,USHMM,Fred Gutter,RG-50.106*0127,Gutter
845,USC Shoah Foundation,Matthew Guttman,5375,Guttman
846,USC Shoah Foundation,Max Guttmann,13258,Guttmann
847,USHMM,Gerda Buchheim Haas,RG-50.549.02*0025,Haas
848,USHMM,Rudolph Haas,RG-50.030*0333,Haas
849,USC Shoah Foundation,Gerda Haas,19837,Haas
850,USHMM,Rachel Haber,RG-50.165*0040,Haber
851,USHMM,Mr. Max Haber,RG-50.030*0089,Haber
852,USHMM,Oscar Haber,RG-50.549.05*0011,Haber
853,USC Shoah Foundation,Lusia Haberfeld,20848,Haberfeld
854,USC Shoah Foundation,Ernst Hacker,3212,Hacker
855,USHMM,Harry Haft,RG-50.165*0041,Haft
856,USC Shoah Foundation,Malka Hahn,1828,Hahn
857,USHMM,Edith Hahn-Beer,RG-50.030*0392,Hahn-Beer
858,USHMM,Mr. Gunter Haimann,RG-50.106*0171,Haimann
859,USC Shoah Foundation,Zelda-Rivka Hait,26792,Hait
860,USC Shoah Foundation,Siegfried Halbreich,10,Halbreich
861,USHMM,Siegfried Halbreich,RG-50.042*0013,Halbreich
862,USHMM,Ruth Halbreich,RG-50.005*0022,Halbreich
863,USHMM,Professor David Halivni,RG-50.030*0753,Halivni
864,USHMM,Ms. Blanche Hall,RG-50.030*0591,Hall
865,USHMM,Mr. Gerald S. von Halle,RG-50.549.02*0055,Halle
866,USHMM,Mr. Gerald S. von Halle,RG-50.030*0241,Halle
867,USC Shoah Foundation,Herman Haller,4189,Haller
868,USHMM,Gertrude Hallo,RG-50.462*0108,Hallo
869,USHMM,Shmuel Halpern,RG-50.165*0043,Halpern
870,USHMM,Samuel Halpern,RG-50.165*0042,Halpern
871,USHMM,Johannes Hamann,RG-50.028*0019,Hamann
872,USHMM,Mr. Eric Hamberg,RG-50.030*0663,Hamberg
873,USHMM,Regina Hamburger,RG-50.030*0034,Hamburger
874,USC Shoah Foundation,Hans Hammelbacher,10446,Hammelbacher
875,USHMM,Leah Hammerstein,RG-50.030*0363,Hammerstein
876,USC Shoah Foundation,Rachel Hanan,13096,Hanan
877,USHMM,Leo Hanin,RG-50.030*0090,Hanin
878,USHMM,Leo Hanin,RG-50.549.02*0036,Hanin
879,USHMM,Wayne Hanson,RG-50.156*0020,Hanson
880,USHMM,Anna Hanusova-Flachova,RG-50.030*0426,Hanusova-Flachova
881,USC Shoah Foundation,Leslie Hardman,5795,Hardman
882,USHMM,Renate Harlan,RG-50.322*0016,Harlan
883,USHMM,Rita B. Harmelin,RG-50.462*0039,Harmelin
884,USHMM,Raoul Harmelin,RG-50.462*0084,Harmelin
885,USHMM,Milton Harrison,RG-50.462*0085,Harrison
886,USC Shoah Foundation,Sigi Hart,232,Hart
887,USC Shoah Foundation,Walter Hartmann,24515,Hartmann
888,USHMM,Mr. Ernest Hartog,RG-50.150*0012,Hartog
889,USHMM,Ruth K. Hartz,RG-50.462*0040,Hartz
890,USHMM,Henry Harvey,RG-50.156*0021,Harvey
891,USC Shoah Foundation,William Harvey,2133,Harvey
892,USC Shoah Foundation,Edith Hass,6837,Hass
893,USC Shoah Foundation,Bronia Hatfield,2539,Hatfield
894,USC Shoah Foundation,Tola Hauptman,23498,Hauptman
895,USC Shoah Foundation,Esther Hautzig,1765,Hautzig
896,USHMM,Mr. George Havas,RG-50.030*0378,Havas
897,USC Shoah Foundation,James Hayes,93,Hayes
898,USHMM,Eta Hecht,RG-50.471*0005,Hecht
899,USC Shoah Foundation,Magda Hedges,6159,Hedges
900,USHMM,Sonia Heidocovsky,RG-50.030*0332,Heidocovsky
901,USHMM,Ernest Heilbronner,RG-50.322*0017,Heilbronner
902,USC Shoah Foundation,Anna Heilman,8569,Heilman
903,USHMM,Ms. Ruth K. Heiman,RG-50.030*0598,Heiman
904,USHMM,Judith Heimann,RG-50.030*0643,Heimann
905,USHMM,Hans Heimann,RG-50.030*0091,Heimann
906,USHMM,Philip Helbling,RG-50.030*0092,Helbling
907,USHMM,Rachel Helfgot,RG-50.243*0013,Helfgot
908,USHMM,Isadore Helfing,RG-50.042*0014,Helfing
909,USHMM,Trude Heller,RG-50.030*0394,Heller
910,USHMM,Max Heller,RG-50.030*0395,Heller
911,USC Shoah Foundation,Sabina Heller,5837,Heller
912,USC Shoah Foundation,Stephanie Heller,21978,Heller
913,USHMM,Beno Helmer,RG-50.030*0093,Helmer
914,USHMM,Beno Helmer,RG-50.549.02*0064,Helmer
915,USC Shoah Foundation,Alice Hemar,17,Hemar
916,USHMM,Ida Henig,RG-50.106*0055,Henig
917,USC Shoah Foundation,Enid Henson,18186,Henson
918,USHMM,Leah Henson,RG-50.165*0045,Henson
919,USHMM,Max Amichai Heppner,RG-50.030*0094,Heppner
920,USHMM,Mr. Ernest G. Heppner,RG-50.030*0095,Heppner
921,USHMM,Rabbi Herbert,RG-50.030*0074,Herbert
922,USHMM,Pearl Herling,RG-50.462*0109,Herling
923,USHMM,Kurt Herman,RG-50.755*0005,Herman
924,USHMM,Max Hersch,RG-50.030*0280,Hersch
925,USC Shoah Foundation,Peter Hersch,3658,Hersch
926,USC Shoah Foundation,Sara Hertzberg,1511,Hertzberg
927,USHMM,Hanns Herzberg,RG-50.031*0029,Herzberg
928,USC Shoah Foundation,Magda Herzberger,8947,Herzberger
929,USHMM,Ivo Herzer,RG-50.030*0097,Herzer
930,USHMM,Malvina Herzfeld,RG-50.462*0064,Herzfeld
931,USC Shoah Foundation,Margot Heuman,323,Heuman
932,USHMM,Col. Irving Heymont,RG-50.470*0008,Heymont
933,USC Shoah Foundation,Erna Hilfstein,9995,Hilfstein
934,USC Shoah Foundation,Laura Hillman,1208,Hillman
935,USHMM,Mr. Norbert V. Hilsberg,RG-50.106*0155,Hilsberg
936,USHMM,Christine Hilsum,RG-50.012*0040,Hilsum
937,USHMM,Dr. Hiltgunt,RG-50.030*0265,Hiltgunt
938,USC Shoah Foundation,Leonie Hilton,9193,Hilton
939,USHMM,William Himmelfarb,RG-50.233*0055,Himmelfarb
940,USC Shoah Foundation,Hyme Hipsman,23641,Hipsman
941,USC Shoah Foundation,Charles Hirsch,3855,Hirsch
942,USHMM,Lotte L. Hirsch,RG-50.030*0440,Hirsch
943,USHMM,Charlotte Hirsch,RG-50.156*0022,Hirsch
944,USHMM,Carl Hirsch,RG-50.030*0441,Hirsch
945,USHMM,Rolf Hirschberg,RG-50.030*0445,Hirschberg
946,USC Shoah Foundation,Irene Hirschfeld,7556,Hirschfeld
947,USC Shoah Foundation,Milton Hirschfeld,7938,Hirschfeld
948,USHMM,G. Hirschfeld,RG-50.150*0015,Hirschfeld
949,USHMM,Irene Hizme,RG-50.549.01*0004,Hizme
950,USHMM,Irene Hizme,RG-50.030*0320,Hizme
951,USHMM,Irene Hizme,RG-50.233*0056,Hizme
952,USHMM,Rachel Hochhauser,RG-50.462*0086,Hochhauser
953,USHMM,Ruth Hockley,RG-50.150*0016,Hockley
954,USC Shoah Foundation,Leizer Hoffer,945,Hoffer
955,USC Shoah Foundation,Efraim Hoffman,8352,Hoffman
956,USHMM,Leni Hoffman,RG-50.030*0653,Hoffman
957,USC Shoah Foundation,Eva Hoffman,9777,Hoffman
958,USHMM,Regina G. Hoffman,RG-50.150*0017,Hoffman
959,USC Shoah Foundation,Louis Hofman,13655,Hofman
960,USHMM,Robert Holczer,RG-50.030*0467,Holczer
961,USHMM,Dr. Robert Holczer,RG-50.549.05*0001,Holczer
962,USC Shoah Foundation,Isadore Hollander,1020,Hollander
963,USHMM,Mr. Isadore Hollander,RG-50.462*0012,Hollander
964,USHMM,John Holmes,RG-50.470*0009,Holmes
965,USHMM,Suzanne C. Holzer,RG-50.061*0010,Holzer
966,USC Shoah Foundation,Michael Honey,25651,Honey
967,USC Shoah Foundation,Samuel Honigman,1222,Honigman
968,USC Shoah Foundation,John Horak,3341,Horak
969,USHMM,Lucine Horn,RG-50.030*0293,Horn
970,USHMM,Ms. Lucine Horn,RG-50.549.01*0019,Horn
971,USHMM,Irving Horn,RG-50.029*0021,Horn
972,USHMM,Irmgard Horn,RG-50.150*0018,Horn
973,USHMM,Irving Horn,RG-50.233*0057,Horn
974,USHMM,Walter Horn,RG-50.150*0019,Horn
975,USHMM,Felix Horn,RG-50.030*0294,Horn
976,USC Shoah Foundation,Marion Horn,6763,Horn
977,USC Shoah Foundation,Joseph Horn,1895,Horn
978,USHMM,Felix Horn,RG-50.549.01*0018,Horn
979,USC Shoah Foundation,Isadore Horne,10859,Horne
980,USC Shoah Foundation,Regina Horowitz,19518,Horowitz
981,USHMM,Simone Z. Horowitz,RG-50.462*0087,Horowitz
982,USC Shoah Foundation,Helena Horowitz,19939,Horowitz
983,USC Shoah Foundation,Stephen Howard,5275,Howard
984,USC Shoah Foundation,Shmuel Huber,13600,Huber
985,USC Shoah Foundation,Rachel Huber,15732,Huber
986,USC Shoah Foundation,Sala Hudes,16887,Hudes
987,USHMM,William H. Hunley,RG-50.030*0772,Hunley
988,USHMM,Ms. Gittel Jaskulski Hunt,RG-50.030*0552,Hunt
989,USC Shoah Foundation,Sally Huppert,16922,Huppert
990,USC Shoah Foundation,Rose Huppert,24268,Huppert
991,USHMM,Irene Hutton,RG-50.656*0001,Hutton
992,USHMM,King Michael I,RG-50.030*0420,I
993,USHMM,Mr. William A. Scott III,RG-50.010*0082,III
994,USC Shoah Foundation,Eddie Ilan,2230,Ilan
995,USC Shoah Foundation,Fania Ingber,19795,Ingber
996,USHMM,Saul Ingber,RG-50.030*0099,Ingber
997,USC Shoah Foundation,Molly Ingster,21319,Ingster
998,USHMM,Jay Ipson,RG-50.030*0359,Ipson
999,USHMM,Israel Ipson,RG-50.030*0357,Ipson
1000,USC Shoah Foundation,Solly Irving,26672,Irving
1001,USC Shoah Foundation,Clara Isaacman,24614,Isaacman
1002,USC Shoah Foundation,Freda Isaksen,14387,Isaksen
1003,USHMM,Susumu Ishii,RG-50.062*0013,Ishii
1004,USHMM,Hazel Ishii,RG-50.062*0012,Ishii
1005,USC Shoah Foundation,Bianca Israeli,5259,Israeli
1006,USHMM,Harry N. Iticovici,RG-50.030*0583,Iticovici
1007,USC Shoah Foundation,Liselotte Ivry,23155,Ivry
1008,USHMM,William J.,RG-50.030*0139,J.
1009,USC Shoah Foundation,Abram Jachniuk,19130,Jachniuk
1010,USC Shoah Foundation,Abraham Jachzel,311,Jachzel
1011,USC Shoah Foundation,Michael Jackson,26142,Jackson
1012,USC Shoah Foundation,Fred Jackson,27,Jackson
1013,USHMM,Livia B. Jackson,RG-50.165*0007,Jackson
1014,USC Shoah Foundation,Benjamin Jacobs,17426,Jacobs
1015,USC Shoah Foundation,David Jacobs,15578,Jacobs
1016,USC Shoah Foundation,Emil Jacoby,10272,Jacoby
1017,USC Shoah Foundation,Erika Jacoby,8,Jacoby
1018,USHMM,Elsa Jaeckel,RG-50.462*0120,Jaeckel
1019,USC Shoah Foundation,Hilde Jaffe,5188,Jaffe
1020,USHMM,Al Jaffee,RG-50.030*0878,Jaffee
1021,USHMM,David Jagoda,RG-50.156*0023,Jagoda
1022,USHMM,Flory Jagoda,RG-50.030*0342,Jagoda
1023,USHMM,Flory Jagoda,RG-50.549.02*0073,Jagoda
1024,USHMM,Frode Jakobsen,RG-50.030*0330,Jakobsen
1025,USHMM,Alice Jakubovic,RG-50.030*0469,Jakubovic
1026,USHMM,Abram Jakubowicz,RG-50.549.05*0004,Jakubowicz
1027,USHMM,Salomon Jakubowicz,RG-50.165*0049,Jakubowicz
1028,USC Shoah Foundation,David Jakubowski,9898,Jakubowski
1029,USHMM,Fred Jarvis,RG-50.030*0530,Jarvis
1030,USC Shoah Foundation,Minia Jay,23350,Jay
1031,USHMM,Curt Jellin,RG-50.150*0021,Jellin
1032,USHMM,Hugh M. Jenkins,RG-50.106*0059,Jenkins
1033,USC Shoah Foundation,Senta Jerabek,4570,Jerabek
1034,USC Shoah Foundation,Dorrit St. John,3659,John
1035,USHMM,Arthur Johnson,RG-50.156*0024,Johnson
1036,USHMM,Herbert Jonas,RG-50.156*0025,Jonas
1037,USHMM,Mr. Paul Jonas,RG-50.030*0695,Jonas
1038,USHMM,Goldie Buch Jonas,RG-50.030*0697,Jonas
1039,USHMM,Shulim Jonas,RG-50.030*0696,Jonas
1040,USHMM,Roberta S. Jones,RG-50.106*0013,Jones
1041,USHMM,Ron Jones,RG-50.030*0709,Jones
1042,USC Shoah Foundation,Frances Jones,4184,Jones
1043,USC Shoah Foundation,Elizabeth Feldman de Jong,543,Jong
1044,USHMM,Josef,RG-50.030*0047,Josef
1045,USC Shoah Foundation,Ludwig Joseph,24195,Joseph
1046,USHMM,Captain John H. Baker Jr.,RG-50.010*0004,Jr.
1047,USHMM,Ernest E. Dutcher Jr.,RG-50.030*0687,Jr.
1048,USHMM,Mikulas Judikovic,RG-50.030*0453,Judikovic
1049,USHMM,Kurt Julich,RG-50.030*0511,Julich
1050,USC Shoah Foundation,Ladislav Jung,12052,Jung
1051,USC Shoah Foundation,Jacob Jungreis,1169,Jungreis
1052,USHMM,Ms. Lena Jurand,RG-50.106*0109,Jurand
1053,USHMM,Mr. Pranas Jurkus,RG-50.030*0657,Jurkus
1054,USHMM,George Kadar,RG-50.030*0459,Kadar
1055,USHMM,Saul Kagan,RG-50.030*0514,Kagan
1056,USC Shoah Foundation,Gerda Kahan,12051,Kahan
1057,USC Shoah Foundation,Charlotte Kahane,25348,Kahane
1058,USC Shoah Foundation,Warren Kahn,20616,Kahn
1059,USC Shoah Foundation,Joseph Kahn,17526,Kahn
1060,USC Shoah Foundation,Shoshana Kahn,16106,Kahn
1061,USHMM,Wolf Kahn,RG-50.926*0004,Kahn
1062,USHMM,Joseph Kahoe,RG-50.470*0010,Kahoe
1063,USHMM,Ms. Ellen Kaidanow,RG-50.030*0553,Kaidanow
1064,USC Shoah Foundation,Ellen Kaidanow,6989,Kaidanow
1065,USHMM,Ms. Nina Kaleska,RG-50.030*0101,Kaleska
1066,USHMM,Antonin Kalina,RG-50.012*0043,Kalina
1067,USHMM,Alan Kalish,RG-50.562*0002,Kalish
1068,USHMM,Hannah Kalman,RG-50.106*0133,Kalman
1069,USHMM,Hannah Kalman,RG-50.106*0118,Kalman
1070,USHMM,Mr. Herbert Kalter,RG-50.165*0050,Kalter
1071,USHMM,Mina Kalter,RG-50.462*0013,Kalter
1072,USHMM,Felix Kaminsky,RG-50.156*0026,Kaminsky
1073,USC Shoah Foundation,Ira Kaminsky,8703,Kaminsky
1074,USC Shoah Foundation,Ben Kamm,11499,Kamm
1075,USHMM,William Kamman,RG-50.156*0027,Kamman
1076,USHMM,Ms. Bea Kandell,RG-50.778*0001,Kandell
1077,USHMM,Henry Kanner,RG-50.470*0011,Kanner
1078,USHMM,Erica Kanter,RG-50.030*0593,Kanter
1079,USC Shoah Foundation,Michael Kaplan,964,Kaplan
1080,USC Shoah Foundation,Rose Kaplovitz,1858,Kaplovitz
1081,USC Shoah Foundation,Anita Karl,9899,Karl
1082,USC Shoah Foundation,Herbert Karliner,7624,Karliner
1083,USHMM,Inge Karo,RG-50.462*0014,Karo
1084,USHMM,Katalin Karpati,RG-50.233*0059,Karpati
1085,USHMM,Erna Karplus,RG-50.030*0444,Karplus
1086,USHMM,Robert Karras,RG-50.165*0051,Karras
1087,USC Shoah Foundation,Jan Karski,1085,Karski
1088,USHMM,Ms. Anny R. Kast,RG-50.549.01*0015,Kast
1089,USHMM,Ms. Anny R. Kast,RG-50.030*0102,Kast
1090,USHMM,Sieny Kattenberg,RG-50.030*0054,Kattenberg
1091,USC Shoah Foundation,Fred Katz,27748,Katz
1092,USC Shoah Foundation,Gunther Katz,19690,Katz
1093,USC Shoah Foundation,Philip E. Katz,19550,Katz
1094,USC Shoah Foundation,Gabriela Katz,15014,Katz
1095,USC Shoah Foundation,Ernest Katz,1733,Katz
1096,USC Shoah Foundation,Ethel Katz,7302,Katz
1097,USC Shoah Foundation,Nison Katz,7282,Katz
1098,USHMM,Inge E. Katzenstein,RG-50.106*0144,Katzenstein
1099,USHMM,Mr. Werner Katzenstein,RG-50.106*0145,Katzenstein
1100,USHMM,Herbert Katzki,RG-50.030*0337,Katzki
1101,USC Shoah Foundation,Moses Kaufman,24466,Kaufman
1102,USC Shoah Foundation,Esther Kaufman,18813,Kaufman
1103,USC Shoah Foundation,Benjamin Kawer,19218,Kawer
1104,USC Shoah Foundation,Lola Kay,2830,Kay
1105,USHMM,Henry Kellen,RG-50.471*0006,Kellen
1106,USC Shoah Foundation,Ruth Keller,1473,Keller
1107,USHMM,Henry Kellermann,RG-50.030*0103,Kellermann
1108,USHMM,Eugene Kellner,RG-50.154*0014,Kellner
1109,USC Shoah Foundation,Joseph Kempler,3973,Kempler
1110,USC Shoah Foundation,Roman Kent,14613,Kent
1111,USHMM,Dr. Kristine Keren,RG-50.030*0520,Keren
1112,USC Shoah Foundation,Norbert Kerenyi,4830,Kerenyi
1113,USC Shoah Foundation,Arthur Kern,3874,Kern
1114,USHMM,Rita Kerner,RG-50.030*0002,Kerner
1115,USC Shoah Foundation,Morris Kesselman,14715,Kesselman
1116,USHMM,Morris Kesselman,RG-50.165*0053,Kesselman
1117,USC Shoah Foundation,Rachel Kessler,17821,Kessler
1118,USHMM,Frieda Kessler,RG-50.165*0054,Kessler
1119,USHMM,Eleanor Khazan,RG-50.405*0030,Khazan
1120,USHMM,Stan Khazan,RG-50.405*0031,Khazan
1121,USC Shoah Foundation,Reva Kibort,10862,Kibort
1122,USHMM,Hinda Kibort,RG-50.156*0028,Kibort
1123,USHMM,Hinda Kibort,RG-50.043*0004,Kibort
1124,USHMM,Mr. Stanley Kiersnowski,RG-50.030*0737,Kiersnowski
1125,USC Shoah Foundation,Eva Kimel,11144,Kimel
1126,USC Shoah Foundation,Henry Kinsley,7592,Kinsley
1127,USC Shoah Foundation,Israel Kipen,27509,Kipen
1128,USC Shoah Foundation,Jeremiah Kirschenbaum,23513,Kirschenbaum
1129,USHMM,Joseph Kirzhner,RG-50.233*0060,Kirzhner
1130,USC Shoah Foundation,Michael Kishel,6526,Kishel
1131,USHMM,William Z. Kisielewski,RG-50.030*0554,Kisielewski
1132,USHMM,Genia Klapholz,RG-50.462*0015,Klapholz
1133,USC Shoah Foundation,Edith Klar,16059,Klar
1134,USC Shoah Foundation,Renee Klaristenfeld,894,Klaristenfeld
1135,USC Shoah Foundation,Samuel Klasner,4146,Klasner
1136,USHMM,Rabbi Abraham J. Klausner,RG-50.470*0012,Klausner
1137,USHMM,Ms. Theodora Klayman,RG-50.549.02*0079,Klayman
1138,USHMM,Ms. Theodora Klayman,RG-50.030*0470,Klayman
1139,USHMM,David Klebanow,RG-50.030*0104,Klebanow
1140,USC Shoah Foundation,David Klebanow,10644,Klebanow
1141,USHMM,Mr. Werner Kleeman,RG-50.030*0523,Kleeman
1142,USHMM,Gerda W. Klein,RG-50.042*0001,Klein
1143,USC Shoah Foundation,Matilda Klein,6525,Klein
1144,USC Shoah Foundation,Kurt Klein,9730,Klein
1145,USHMM,Edward Klein,RG-50.030*0580,Klein
1146,USC Shoah Foundation,Gerda Klein,9725,Klein
1147,USC Shoah Foundation,Magda Klein,17001,Klein
1148,USHMM,Manfred Klein,RG-50.156*0029,Klein
1149,USHMM,Ann Klein,RG-50.549.05*0005,Klein
1150,USC Shoah Foundation,Harry Klein,12150,Klein
1151,USC Shoah Foundation,Sandor Klein,5626,Klein
1152,USHMM,William Klein,RG-50.106*0123,Klein
1153,USHMM,Kurt Klein,RG-50.030*0106,Klein
1154,USHMM,Kurt Klein,RG-50.042*0015,Klein
1155,USHMM,Ms. Cecilie Klein-Pollack,RG-50.030*0107,Klein-Pollack
1156,USHMM,Cecilie Klein-Pollak,RG-50.042*0018,Klein-Pollak
1157,USHMM,Cecilie Klein-Pollak,RG-50.549.02*0012,Klein-Pollak
1158,USC Shoah Foundation,Gizella Kleinman,26888,Kleinman
1159,USC Shoah Foundation,Igor Kling,985,Kling
1160,USC Shoah Foundation,Greta Klingsberg,27285,Klingsberg
1161,USHMM,Arvydas J. Kliore,RG-50.030*0685,Kliore
1162,USHMM,Estelle Klipp,RG-50.549.02*0059,Klipp
1163,USHMM,Estelle Klipp,RG-50.030*0346,Klipp
1164,USHMM,David Klipp,RG-50.030*0345,Klipp
1165,USHMM,Mrs. Margaret Klug,RG-50.030*0108,Klug
1166,USHMM,Mr. Solomon Klug,RG-50.030*0109,Klug
1167,USHMM,Miriam Knoepfler,RG-50.150*0022,Knoepfler
1168,USC Shoah Foundation,Fred Knoller,5758,Knoller
1169,USHMM,Carl Knuemann,RG-50.030*0110,Knuemann
1170,USC Shoah Foundation,Martin Koby,9601,Koby
1171,USC Shoah Foundation,Maurice Kochan,2713,Kochan
1172,USC Shoah Foundation,Aplonia Koedam,23622,Koedam
1173,USHMM,Anna Koenig,RG-50.060*0025,Koenig
1174,USHMM,Ms. Elizabeth Koenig,RG-50.549.02*0002,Koenig
1175,USHMM,Ernest Koenig,RG-50.549.02*0003,Koenig
1176,USHMM,Ernest Koenig,RG-50.030*0112,Koenig
1177,USHMM,Ms. Elizabeth Koenig,RG-50.030*0111,Koenig
1178,USC Shoah Foundation,Martin Kohn,888,Kohn
1179,USHMM,Mania Kohn,RG-50.243*0018,Kohn
1180,USC Shoah Foundation,Josef Kohn,12402,Kohn
1181,USC Shoah Foundation,Rose Kohn,11184,Kohn
1182,USHMM,Mr. Sol Kohn,RG-50.030*0735,Kohn
1183,USC Shoah Foundation,Zev Kohn,13457,Kohn
1184,USHMM,Ernest Kolben,RG-50.106*0007,Kolben
1185,USHMM,Henry Kolber,RG-50.106*0008,Kolber
1186,USC Shoah Foundation,Pincus Kolender,14810,Kolender
1187,USHMM,Berko Kolodnev,RG-50.243*0019,Kolodnev
1188,USC Shoah Foundation,Waclaw Kolodziejek,17515,Kolodziejek
1189,USHMM,Abraham Kolski,RG-50.030*0113,Kolski
1190,USHMM,Mrs. Sylvia Kolski,RG-50.030*0114,Kolski
1191,USHMM,John Komski,RG-50.042*0016,Komski
1192,USHMM,John Komski,RG-50.030*0115,Komski
1193,USHMM,John Komski,RG-50.470*0013,Komski
1194,USC Shoah Foundation,Harry Konar,24885,Konar
1195,USC Shoah Foundation,Gisela Konopka,9156,Konopka
1196,USHMM,Gisela Konopka,RG-50.156*0030,Konopka
1197,USHMM,Simon Konover,RG-50.899*0001,Konover
1198,USHMM,Sophie Koper,RG-50.030*0412,Koper
1199,USHMM,Mr. Joseph Koplewicz,RG-50.106*0121,Koplewicz
1200,USHMM,Mrs. Romana Koplewicz,RG-50.106*0120,Koplewicz
1201,USC Shoah Foundation,Eva Kor,1917,Kor
1202,USHMM,Mr. Morris Kornberg,RG-50.549.02*0061,Kornberg
1203,USHMM,Mr. Morris Kornberg,RG-50.030*0116,Kornberg
1204,USC Shoah Foundation,Anya Kagan Kornhauser,1692,Kornhauser
1205,USC Shoah Foundation,Paul Kornmehl,9665,Kornmehl
1206,USC Shoah Foundation,Lisbeth Kornreich,26022,Kornreich
1207,USC Shoah Foundation,Fred Kort,1753,Kort
1208,USC Shoah Foundation,Stefan Kosinski,5261,Kosinski
1209,USC Shoah Foundation,Samuel Koslowski,10695,Koslowski
1210,USC Shoah Foundation,Olga Kovacs,3012,Kovacs
1211,USHMM,Paul Kovak,RG-50.030*0117,Kovak
1212,USHMM,Masha Kowalski,RG-50.165*0056,Kowalski
1213,USHMM,Isaac Kowalski,RG-50.030*0118,Kowalski
1214,USC Shoah Foundation,Morris Kozak,18474,Kozak
1215,USHMM,Mr. Edgar Krasa,RG-50.030*0478,Krasa
1216,USHMM,Mrs. Hana Krasa,RG-50.030*0479,Krasa
1217,USHMM,Alex Krasheninnikow,RG-50.462*0111,Krasheninnikow
1218,USHMM,Mr. Norbert Krasnosielski,RG-50.030*0544,Krasnosielski
1219,USHMM,Moshe Kraus,RG-50.106*0245,Kraus
1220,USC Shoah Foundation,Michael Kraus,15962,Kraus
1221,USHMM,Lola Krause,RG-50.462*0088,Krause
1222,USC Shoah Foundation,Gabriel Krause,16313,Krause
1223,USC Shoah Foundation,James Krauss,27163,Krauss
1224,USHMM,Eugene Krauss,RG-50.322*0018,Krauss
1225,USHMM,John Krawiec,RG-50.030*0782,Krawiec
1226,USC Shoah Foundation,Henry Kreisel,16930,Kreisel
1227,USC Shoah Foundation,Nathan Krieger,9558,Krieger
1228,USHMM,Nathan Krieger,RG-50.165*0058,Krieger
1229,USC Shoah Foundation,Ester Krik,2031,Krik
1230,USC Shoah Foundation,Ruth Krol,7273,Krol
1231,USC Shoah Foundation,Henry Kronberg,10549,Kronberg
1232,USC Shoah Foundation,Alexander Kronhart,3283,Kronhart
1233,USC Shoah Foundation,Lola Krumholz,377,Krumholz
1234,USHMM,Fred Kulick,RG-50.462*0089,Kulick
1235,USHMM,Erich Kulka,RG-50.030*0119,Kulka
1236,USC Shoah Foundation,Agnes Kun,33,Kun
1237,USHMM,Stefa Kupfer,RG-50.042*0017,Kupfer
1238,USHMM,Kurt Kupferberg,RG-50.462*0016,Kupferberg
1239,USC Shoah Foundation,Solomon Kupitz,2170,Kupitz
1240,USC Shoah Foundation,Ruth Kurland,2906,Kurland
1241,USHMM,Doriane Kurz,RG-50.030*0120,Kurz
1242,USHMM,Doriane Kurz,RG-50.549.02*0001,Kurz
1243,USHMM,Rae Kushner,RG-50.002*0015,Kushner
1244,USHMM,Joseph Kutrzeba,RG-50.030*0339,Kutrzeba
1245,USC Shoah Foundation,Paul Kuttner,20083,Kuttner
1246,USHMM,Ms. Frima L.,RG-50.549.02*0030,L.
1247,USHMM,Ms. Frima L.,RG-50.030*0123,L.
1248,USHMM,Jacques L.,RG-50.030*0349,L.
1249,USHMM,George L.,RG-50.030*0310,L.
1250,USHMM,L.I.,RG-50.462*0113,L.I.
1251,USC Shoah Foundation,Ruth Labovitch,3165,Labovitch
1252,USC Shoah Foundation,Judy Lachman,3605,Lachman
1253,USHMM,Walter Lachman,RG-50.233*0064,Lachman
1254,USHMM,Jess Lafoon,RG-50.010*0054,Lafoon
1255,USHMM,Alfred J. Lakritz,RG-50.106*0173,Lakritz
1256,USHMM,Aleksander H. Laks,RG-50.637*0003,Laks
1257,USHMM,Regina Laks,RG-50.030*0078,Laks
1258,USHMM,Adalbert Lallier,RG-50.030*0525,Lallier
1259,USHMM,Ms. Margaret Lambert,RG-50.429*0005,Lambert
1260,USC Shoah Foundation,Margaret Lambert,2353,Lambert
1261,USHMM,John Lampel,RG-50.154*0016,Lampel
1262,USHMM,Ms. Irene Landau,RG-50.012*0051,Landau
1263,USC Shoah Foundation,David Landau,5644,Landau
1264,USHMM,Mr. William C. Landgren,RG-50.156*0031,Landgren
1265,USC Shoah Foundation,Morris Lang,3100,Lang
1266,USHMM,Mr. John H. Lang,RG-50.030*0594,Lang
1267,USHMM,Dora Langsam,RG-50.462*0112,Langsam
1268,USC Shoah Foundation,Tom Lantos,25591,Lantos
1269,USHMM,Tom Lantos,RG-50.165*0121,Lantos
1270,USHMM,Magda Lapedus,RG-50.030*0122,Lapedus
1271,USHMM,Renata Laqueur,RG-50.030*0370,Laqueur
1272,USHMM,Renata Laqueur,RG-50.549.02*0010,Laqueur
1273,USHMM,Aaron Laro,RG-50.233*0065,Laro
1274,USHMM,Zezette Larson,RG-50.243*0022,Larson
1275,USC Shoah Foundation,Vera Laska,24212,Laska
1276,USC Shoah Foundation,Mark Laski,9446,Laski
1277,USHMM,Berek Latarus,RG-50.156*0032,Latarus
1278,USC Shoah Foundation,Estelle Laughlin,21582,Laughlin
1279,USC Shoah Foundation,Henry Laurant,26111,Laurant
1280,USC Shoah Foundation,Alexandra Mayzel Lauterbach,7415,Lauterbach
1281,USHMM,Esther Lawner,RG-50.322*0019,Lawner
1282,USC Shoah Foundation,Sidonia Lax,9,Lax
1283,USC Shoah Foundation,Marion Blumenthal Lazan,812,Lazan
1284,USHMM,Lillian Lazar,RG-50.233*0067,Lazar
1285,USHMM,Anthony Lazar,RG-50.233*0066,Lazar
1286,USHMM,Tamar Lazerson-Rostovski,RG-50.471*0016,Lazerson-Rostovski
1287,USC Shoah Foundation,Ester Lebensold,9230,Lebensold
1288,USC Shoah Foundation,Paula Lebovics,1415,Lebovics
1289,USHMM,Klara Lee,RG-50.755*0006,Lee
1290,USHMM,Hildegard Lee,RG-50.629*0001,Lee
1291,USHMM,Paul Leeser,RG-50.322*0020,Leeser
1292,USHMM,Hetty de Leeuwe,RG-50.549.02*0033,Leeuwe
1293,USHMM,Ms. Hetty de Leeuwe,RG-50.030*0059,Leeuwe
1294,USHMM,Emmi Lehner,RG-50.233*0069,Lehner
1295,USC Shoah Foundation,Rose Leibowitz,1775,Leibowitz
1296,USHMM,Mr. Jacob Leinwand,RG-50.154*0015,Leinwand
1297,USC Shoah Foundation,Nate Leipciger,11998,Leipciger
1298,USHMM,Anna Leiser-Kleinhaus,RG-50.549.01*0016,Leiser-Kleinhaus
1299,USHMM,Anna Leiser-Kleinhaus,RG-50.030*0286,Leiser-Kleinhaus
1300,USHMM,Ms. Isabella Leitner,RG-50.233*0070,Leitner
1301,USC Shoah Foundation,Isabella Leitner,1918,Leitner
1302,USHMM,Ms. Hanny Leitson,RG-50.030*0601,Leitson
1303,USC Shoah Foundation,Yvette Lennon,979,Lennon
1304,USC Shoah Foundation,Julia Lentini,5891,Lentini
1305,USHMM,Miles Lerman,RG-50.030*0413,Lerman
1306,USHMM,Rosalie L. Lerman,RG-50.165*0064,Lerman
1307,USHMM,Rosalie L. Lerman,RG-50.030*0396,Lerman
1308,USC Shoah Foundation,Jenny Lerner,23832,Lerner
1309,USHMM,Justine Lerner,RG-50.549.05*0003,Lerner
1310,USC Shoah Foundation,Bent Lerno,12768,Lerno
1311,USHMM,Mr. Moshe Leshem,RG-50.030*0491,Leshem
1312,USC Shoah Foundation,Steve Lesniak,13238,Lesniak
1313,USHMM,Carla H. Lessing,RG-50.549.02*0050,Lessing
1314,USHMM,Edward Lessing,RG-50.549.02*0051,Lessing
1315,USHMM,Carla H. Lessing,RG-50.030*0126,Lessing
1316,USHMM,Edward Lessing,RG-50.030*0127,Lessing
1317,USC Shoah Foundation,Jane Lester,11882,Lester
1318,USHMM,Beba Leventhal,RG-50.005*0037,Leventhal
1319,USC Shoah Foundation,Bertha Leverton,12053,Leverton
1320,USC Shoah Foundation,Trude Levi,7093,Levi
1321,USHMM,Nick Levi,RG-50.030*0515,Levi
1322,USHMM,Dov Levin,RG-50.030*0298,Levin
1323,USHMM,David Levine,RG-50.471*0001,Levine
1324,USHMM,William P. Levine,RG-50.031*0040,Levine
1325,USHMM,William P. Levine,RG-50.030*0129,Levine
1326,USHMM,Joseph Levine,RG-50.030*0128,Levine
1327,USHMM,Lillie Levine,RG-50.322*0021,Levine
1328,USHMM,Henry Levis,RG-50.030*0313,Levis
1329,USC Shoah Foundation,William Levy,6762,Levy
1330,USC Shoah Foundation,Ernest Levy,23730,Levy
1331,USC Shoah Foundation,Ursula Levy,26765,Levy
1332,USC Shoah Foundation,Kathy Levy,23737,Levy
1333,USC Shoah Foundation,Isaac Levy,8610,Levy
1334,USHMM,Jutta Levy,RG-50.106*0077,Levy
1335,USHMM,Miriam S. Lewent,RG-50.030*0131,Lewent
1336,USHMM,Abraham Lewent,RG-50.030*0130,Lewent
1337,USC Shoah Foundation,Ellis Lewin,23090,Lewin
1338,USC Shoah Foundation,Jack Lewin,717,Lewin
1339,USHMM,Jacob Lewin,RG-50.471*0010,Lewin
1340,USC Shoah Foundation,Regina Lewin,719,Lewin
1341,USC Shoah Foundation,Kurt Lewin,25423,Lewin
1342,USC Shoah Foundation,Elsbeth Lewin,10818,Lewin
1343,USC Shoah Foundation,Rafael Lewin,27687,Lewin
1344,USHMM,Herman Lewinter,RG-50.165*0066,Lewinter
1345,USC Shoah Foundation,Molly Lewis,10960,Lewis
1346,USHMM,Irene Lewis,RG-50.150*0024,Lewis
1347,USC Shoah Foundation,Victor Lewis,353,Lewis
1348,USC Shoah Foundation,Steve Lewkowicz,3988,Lewkowicz
1349,USHMM,Mr. Stephan H. Lewy,RG-50.926*0005,Lewy
1350,USC Shoah Foundation,Gregory Leyfell,1826,Leyfell
1351,USC Shoah Foundation,Leon Leyson,8916,Leyson
1352,USC Shoah Foundation,Sol Liber,58,Liber
1353,USHMM,Grigory Liberchuk,RG-50.030*0485,Liberchuk
1354,USHMM,Claudia R. Liberchuk,RG-50.030*0484,Liberchuk
1355,USC Shoah Foundation,Morris Libfeld,6773,Libfeld
1356,USC Shoah Foundation,Faigie Libman,5911,Libman
1357,USHMM,Lester Libo,RG-50.030*0662,Libo
1358,USC Shoah Foundation,Michael Librach,8252,Librach
1359,USC Shoah Foundation,Tema Lichtenstein,4272,Lichtenstein
1360,USC Shoah Foundation,Mania Lichtenstein,13911,Lichtenstein
1361,USC Shoah Foundation,Albert Lichtmann,19895,Lichtmann
1362,USHMM,Willie Lieberman,RG-50.165*0067,Lieberman
1363,USHMM,David Lieberman,RG-50.030*0132,Lieberman
1364,USHMM,Hans Liebermann,RG-50.322*0022,Liebermann
1365,USHMM,Ms. Marianne Liebermann,RG-50.106*0163,Liebermann
1366,USHMM,Lottie Liebermann,RG-50.322*0023,Liebermann
1367,USHMM,Max Liebmann,RG-50.233*0073,Liebmann
1368,USHMM,Max Liebmann,RG-50.030*0134,Liebmann
1369,USHMM,Ms. Johanna E. Liebmann,RG-50.030*0133,Liebmann
1370,USHMM,Ms. Johanna E. Liebmann,RG-50.233*0072,Liebmann
1371,USHMM,Simone Liebster,RG-50.028*0035,Liebster
1372,USHMM,Max Liebster,RG-50.028*0034,Liebster
1373,USC Shoah Foundation,Hanna Lifschutz,25773,Lifschutz
1374,USHMM,Michael Lin,RG-50.106*0131,Lin
1375,USHMM,Henry Lindeman,RG-50.165*0068,Lindeman
1376,USHMM,Herbert Lindemeyer,RG-50.462*0017,Lindemeyer
1377,USHMM,Mr. Manfred Lindenbaum,RG-50.030*0606,Lindenbaum
1378,USC Shoah Foundation,Michael Lipenholtz,18397,Lipenholtz
1379,USHMM,Jacques Lipetz,RG-50.462*0115,Lipetz
1380,USC Shoah Foundation,Lily Lipman,20089,Lipman
1381,USHMM,Mrs. Simone W. Lipman,RG-50.549.02*0018,Lipman
1382,USHMM,Mrs. Simone W. Lipman,RG-50.030*0136,Lipman
1383,USHMM,Rabbi Eugene Lipman,RG-50.030*0135,Lipman
1384,USC Shoah Foundation,Joyce Lipper,22086,Lipper
1385,USC Shoah Foundation,Nathan Lipschitz,11174,Lipschitz
1386,USC Shoah Foundation,Joseph Lipschutz,12491,Lipschutz
1387,USC Shoah Foundation,David Lipstadt,21550,Lipstadt
1388,USHMM,Margaret Lipton,RG-50.233*0074,Lipton
1389,USC Shoah Foundation,Samuel Lissing,1901,Lissing
1390,USC Shoah Foundation,Jean Litz,18307,Litz
1391,USHMM,Gerrit von Lochen,RG-50.012*0091,Lochen
1392,USHMM,Liesl J. Loeb,RG-50.462*0065,Loeb
1393,USC Shoah Foundation,Liesl Loeb,18778,Loeb
1394,USHMM,Cornelius Loen,RG-50.549.02*0056,Loen
1395,USHMM,Masha Loen,RG-50.030*0138,Loen
1396,USHMM,Masha Loen,RG-50.549.02*0053,Loen
1397,USHMM,Cornelius Loen,RG-50.030*0137,Loen
1398,USHMM,William Loew,RG-50.030*0307,Loew
1399,USHMM,William Loew,RG-50.549.01*0006,Loew
1400,USHMM,James Loewenson,RG-50.156*0033,Loewenson
1401,USHMM,Ernest Loewenstein,RG-50.030*0419,Loewenstein
1402,USHMM,Kurt Loewenthal,RG-50.156*0034,Loewenthal
1403,USHMM,Fred Loewy,RG-50.030*0501,Loewy
1404,USHMM,Sarah L. Loewy,RG-50.469*0004,Loewy
1405,USHMM,Mel London,RG-50.030*0428,London
1406,USHMM,Nicole D. Long,RG-50.030*0474,Long
1407,USHMM,Arlette de Long,RG-50.233*0075,Long
1408,USHMM,Arlette de Long,RG-50.029*0031,Long
1409,USHMM,Arlette de Long,RG-50.106*0063,Long
1410,USHMM,Fred Lorber,RG-50.030*0652,Lorber
1411,USC Shoah Foundation,Wanda Lorenc,25835,Lorenc
1412,USHMM,Ms. Wanda Wos Lorenc,RG-50.030*0698,Lorenc
1413,USC Shoah Foundation,Margaret Lowe,22803,Lowe
1414,USHMM,William J. Lowenberg,RG-50.549.01*0024,Lowenberg
1415,USHMM,Tilde Lowenthal,RG-50.150*0025,Lowenthal
1416,USC Shoah Foundation,John Lowy,13382,Lowy
1417,USHMM,Mrs. Edith Lowy,RG-50.030*0584,Lowy
1418,USHMM,Jerzy Lubelfeld,RG-50.322*0024,Lubelfeld
1419,USHMM,Elizabeth Lubell,RG-50.233*0077,Lubell
1420,USHMM,Henry Lubell,RG-50.233*0078,Lubell
1421,USHMM,Trude Ludwig,RG-50.233*0079,Ludwig
1422,USHMM,William Luksenburg,RG-50.030*0140,Luksenburg
1423,USHMM,William Luksenburg,RG-50.106*0102,Luksenburg
1424,USHMM,Sol (Shaya) Lurie,RG-50.549.02*0031,Lurie
1425,USHMM,Esther Lurie,RG-50.471*0015,Lurie
1426,USC Shoah Foundation,Dave Lux,13251,Lux
1427,USHMM,Pat Lynch,RG-50.470*0014,Lynch
1428,USC Shoah Foundation,Gloria Lyon,25639,Lyon
1429,USHMM,Larry M.,RG-50.405*0034,M.
1430,USHMM,Mary M.,RG-50.344*0002,M.
1431,USHMM,Victor M.,RG-50.405*0032,M.
1432,USHMM,Mila M.,RG-50.405*0033,M.
1433,USHMM,Clarice MacLeod,RG-50.344*0007,MacLeod
1434,USHMM,Mieczylslaw Madejski,RG-50.030*0142,Madejski
1435,USHMM,Mieczyslaw Madejski,RG-50.549.02*0074,Madejski
1436,USHMM,Tole J. Madna,RG-50.106*0149,Madna
1437,USC Shoah Foundation,Harry Magid,6554,Magid
1438,USHMM,Nathan Magier,RG-50.233*0080,Magier
1439,USHMM,Joseph Maier,RG-50.030*0143,Maier
1440,USHMM,Samuel Makower,RG-50.462*0041,Makower
1441,USHMM,Samuel Makower,RG-50.030*0388,Makower
1442,USHMM,Mr. Abraham Malach,RG-50.030*0144,Malach
1443,USHMM,Mr. Abraham Malach,RG-50.549.02*0042,Malach
1444,USC Shoah Foundation,Peter Malkin,3804,Malkin
1445,USHMM,Abraham Malnik,RG-50.030*0145,Malnik
1446,USHMM,Lilly A. Malnik,RG-50.030*0146,Malnik
1447,USHMM,Lilly A. Malnik,RG-50.042*0020,Malnik
1448,USHMM,Abraham Malnik,RG-50.042*0019,Malnik
1449,USHMM,Mr. Mark Mandel,RG-50.156*0035,Mandel
1450,USC Shoah Foundation,David Mandel,11722,Mandel
1451,USHMM,Ms. Judith Mandel,RG-50.233*0083,Mandel
1452,USHMM,Mr. Emanuel Mandel,RG-50.030*0147,Mandel
1453,USHMM,Mr. Emanuel Mandel,RG-50.549.02*0072,Mandel
1454,USHMM,Yehuda Mandell,RG-50.462*0116,Mandell
1455,USHMM,Agnes Mandl,RG-50.030*0003,Mandl
1456,USC Shoah Foundation,Adela Manheimer,1938,Manheimer
1457,USHMM,Renate Mann,RG-50.106*0229,Mann
1458,USC Shoah Foundation,Elisabeth Mann,4753,Mann
1459,USC Shoah Foundation,Liz Manning,12674,Manning
1460,USHMM,Lari Manolovich,RG-50.028*0038,Manolovich
1461,USC Shoah Foundation,Arie Van Mansum,10478,Mansum
1462,USHMM,Johanna Mantel,RG-50.154*0017,Mantel
1463,USC Shoah Foundation,Fred Manus,27031,Manus
1464,USHMM,Kurt S. Marburg,RG-50.154*0018,Marburg
1465,USHMM,Mr. Tadeusz J. Marchaj,RG-50.030*0393,Marchaj
1466,USC Shoah Foundation,Sally Marco,71,Marco
1467,USC Shoah Foundation,Gerda Wilchfort Marcus,10283,Marcus
1468,USHMM,Ms. Ilse Marcus,RG-50.150*0026,Marcus
1469,USHMM,Gerda Marcus,RG-50.165*0071,Marcus
1470,USHMM,Mr. Hilbert Margol,RG-50.920*0005,Margol
1471,USHMM,Laura L. Margolis,RG-50.030*0149,Margolis
1472,USHMM,Rachelle P. Margosh,RG-50.030*0486,Margosh
1473,USHMM,Lilly Margules,RG-50.030*0150,Margules
1474,USHMM,Lily Margules,RG-50.233*0084,Margules
1475,USHMM,Lily Margules,RG-50.549.01*0021,Margules
1476,USHMM,Luba Margulies,RG-50.462*0091,Margulies
1477,USC Shoah Foundation,Helen Mark,2833,Mark
1478,USC Shoah Foundation,Maurice Markheim,471,Markheim
1479,USHMM,Raya M. Markon,RG-50.030*0431,Markon
1480,USHMM,Cedomir Markovic,RG-50.030*0308,Markovic
1481,USC Shoah Foundation,Micheline Marmor,24830,Marmor
1482,USHMM,Dorothy Maroon,RG-50.344*0004,Maroon
1483,USHMM,Ernest L. Marx,RG-50.106*0019,Marx
1484,USC Shoah Foundation,Magda Marx,3757,Marx
1485,USC Shoah Foundation,Aldean Mason,3376,Mason
1486,USC Shoah Foundation,Walter Mason,3524,Mason
1487,USHMM,Helen Mastbaum,RG-50.156*0037,Mastbaum
1488,USHMM,Allen Mastbaum,RG-50.156*0036,Mastbaum
1489,USHMM,Peter Masters,RG-50.106*0110,Masters
1490,USHMM,Alice Masters,RG-50.106*0130,Masters
1491,USHMM,Paul Matasovsky,RG-50.030*0151,Matasovsky
1492,USC Shoah Foundation,Sam Mathis,12343,Mathis
1493,USHMM,Michael N. Matsas,RG-50.030*0403,Matsas
1494,USHMM,Robert E. Matteson,RG-50.156*0038,Matteson
1495,USC Shoah Foundation,Gary Matzdorff,18665,Matzdorff
1496,USC Shoah Foundation,Regina Mauskopf,24171,Mauskopf
1497,USHMM,Anna Maxell,RG-50.030*0427,Maxell
1498,USHMM,Lydia May,RG-50.322*0025,May
1499,USHMM,James May,RG-50.010*0058,May
1500,USHMM,Leah Mayer,RG-50.154*0019,Mayer
1501,USHMM,Sandy Mayer,RG-50.165*0072,Mayer
1502,USHMM,Brooks McClure,RG-50.030*0626,McClure
1503,USHMM,William McConahey,RG-50.156*0039,McConahey
1504,USHMM,William McCormick,RG-50.462*0092,McCormick
1505,USC Shoah Foundation,William McKinney,27759,McKinney
1506,USHMM,Eugene McPheeters,RG-50.010*0059,McPheeters
1507,USHMM,William McWorkman,RG-50.470*0015,McWorkman
1508,USHMM,Mr. Armand Mednick,RG-50.462*0117,Mednick
1509,USHMM,Bernard Mednicki,RG-50.462*0093,Mednicki
1510,USC Shoah Foundation,Brigitte Medvin,162,Medvin
1511,USHMM,Benjamin Meed,RG-50.030*0152,Meed
1512,USC Shoah Foundation,Vladka Meed,15197,Meed
1513,USHMM,Conrad Mehler,RG-50.030*0282,Mehler
1514,USHMM,Chana Mehler,RG-50.030*0275,Mehler
1515,USC Shoah Foundation,Wanda Mehr,26609,Mehr
1516,USC Shoah Foundation,Lili Meier,19195,Meier
1517,USHMM,Hans Meier,RG-50.030*0155,Meier
1518,USHMM,Klaus Meier,RG-50.030*0156,Meier
1519,USHMM,Judith B. Meisel,RG-50.030*0157,Meisel
1520,USHMM,Judith B. Meisel,RG-50.549.02*0035,Meisel
1521,USC Shoah Foundation,Andrew Meisels,16,Meisels
1522,USHMM,Frank Meissner,RG-50.030*0158,Meissner
1523,USC Shoah Foundation,Leo Melamed,18102,Melamed
1524,USC Shoah Foundation,Adam Melcer,9415,Melcer
1525,USHMM,Bent Melchior,RG-50.030*0364,Melchior
1526,USC Shoah Foundation,George Meles,521,Meles
1527,USC Shoah Foundation,Abraham Melezin,3382,Melezin
1528,USC Shoah Foundation,Charlotte Melkman,1704,Melkman
1529,USC Shoah Foundation,Jean Melzer,4122,Melzer
1530,USHMM,Ellen Mendel,RG-50.233*0088,Mendel
1531,USHMM,Flora Mendelovicz,RG-50.030*0356,Mendelovicz
1532,USC Shoah Foundation,Steven Mendelsson,27340,Mendelsson
1533,USC Shoah Foundation,Robert Mendler,22889,Mendler
1534,USHMM,Arthur Menke,RG-50.233*0089,Menke
1535,USHMM,Semyon Menyuk,RG-50.233*0090,Menyuk
1536,USHMM,Semyon Menyuk,RG-50.030*0159,Menyuk
1537,USC Shoah Foundation,Semyon Menyuk,26447,Menyuk
1538,USHMM,Saul C. Merin,RG-50.030*0539,Merin
1539,USHMM,Harry Merin,RG-50.030*0555,Merin
1540,USC Shoah Foundation,Mel Mermelstein,322,Mermelstein
1541,USHMM,Leon Merrick,RG-50.233*0091,Merrick
1542,USC Shoah Foundation,Sol Messinger,15174,Messinger
1543,USHMM,Walter Meyer,RG-50.030*0746,Meyer
1544,USHMM,Walter Meyer,RG-50.549.02*0041,Meyer
1545,USC Shoah Foundation,Henry Meyer,12882,Meyer
1546,USHMM,Walter Meyer,RG-50.030*0371,Meyer
1547,USHMM,Rose Meyerhoff,RG-50.156*0040,Meyerhoff
1548,USHMM,Ruth K. Meyerowitz,RG-50.549.02*0022,Meyerowitz
1549,USHMM,Ruth K. Meyerowitz,RG-50.030*0161,Meyerowitz
1550,USHMM,John Meyerstein,RG-50.030*0487,Meyerstein
1551,USC Shoah Foundation,Zvi Michaeli,11771,Michaeli
1552,USHMM,Betty Migdol,RG-50.233*0093,Migdol
1553,USC Shoah Foundation,Flora Carasso Mihael,1885,Mihael
1554,USHMM,Peretz Milbauer,RG-50.030*0162,Milbauer
1555,USHMM,Helga E. Milberg,RG-50.755*0007,Milberg
1556,USHMM,Israel Milkow,RG-50.233*0094,Milkow
1557,USHMM,Eugene Miller,RG-50.233*0097,Miller
1558,USHMM,Albert Miller,RG-50.462*0118,Miller
1559,USHMM,Eugene Miller,RG-50.030*0585,Miller
1560,USC Shoah Foundation,Irvin Miller,22892,Miller
1561,USHMM,Mr. Norman Miller,RG-50.030*0693,Miller
1562,USHMM,Dr. Edith Millman,RG-50.462*0043,Millman
1563,USC Shoah Foundation,Edith Millman,21310,Millman
1564,USHMM,Robert Mills,RG-50.030*0063,Mills
1565,USHMM,J. Milnor,RG-50.030*0191,Milnor
1566,USC Shoah Foundation,Rose Minsky,422,Minsky
1567,USC Shoah Foundation,Paula Mintz,8834,Mintz
1568,USHMM,Victor Mintz,RG-50.156*0041,Mintz
1569,USHMM,Bella Mischkinsky,RG-50.549.02*0017,Mischkinsky
1570,USHMM,Bella Mischkinsky,RG-50.030*0340,Mischkinsky
1571,USC Shoah Foundation,Emanuel Mittelman,22869,Mittelman
1572,USHMM,Ms. Joyce Zalc Mizrachi,RG-50.030*0534,Mizrachi
1573,USHMM,Elisabeth D. Model,RG-50.030*0163,Model
1574,USC Shoah Foundation,Teofil Modelski,26140,Modelski
1575,USHMM,Hans Mommsen,RG-50.030*0407,Mommsen
1576,USHMM,James Moncrief,RG-50.470*0016,Moncrief
1577,USHMM,Jack Mondschein,RG-50.030*0684,Mondschein
1578,USC Shoah Foundation,Maurice Moore,5255,Moore
1579,USC Shoah Foundation,Catheryne Morgan,5496,Morgan
1580,USHMM,Mr. Abraham Morgenstern,RG-50.233*0092,Morgenstern
1581,USC Shoah Foundation,Madeleine Morris,23278,Morris
1582,USHMM,Lonia Mosak,RG-50.030*0166,Mosak
1583,USHMM,Lonia Mosak,RG-50.549.02*0045,Mosak
1584,USC Shoah Foundation,Henry Moser,11179,Moser
1585,USC Shoah Foundation,Kurt Moses,11000,Moses
1586,USC Shoah Foundation,Rachel Moses,17845,Moses
1587,USHMM,Mark Moskovitz,RG-50.562*0005,Moskovitz
1588,USC Shoah Foundation,Miriam Moskowitz,27443,Moskowitz
1589,USHMM,Jack Moss,RG-50.030*0463,Moss
1590,USHMM,Edmund Motzko,RG-50.156*0042,Motzko
1591,USC Shoah Foundation,Charles Mudryk,21609,Mudryk
1592,USHMM,Mr. John Mulholland,RG-50.031*0048,Mulholland
1593,USC Shoah Foundation,Stephen Muller,4764,Muller
1594,USHMM,Preben Munch-Nielsen,RG-50.030*0167,Munch-Nielsen
1595,USHMM,Dr. Alfred Munzer,RG-50.106*0156,Munzer
1596,USHMM,Emanuel Munzer,RG-50.233*0095,Munzer
1597,USHMM,Sylvia Murawski,RG-50.233*0096,Murawski
1598,USC Shoah Foundation,Lisa Murik,5883,Murik
1599,USHMM,Ms. Lisa Murik,RG-50.030*0168,Murik
1600,USC Shoah Foundation,Sally Muschel,19982,Muschel
1601,USHMM,Rachel Mutterperl,RG-50.030*0082,Mutterperl
1602,USC Shoah Foundation,Sala Mydlak,19231,Mydlak
1603,USHMM,Virgil Myers,RG-50.030*0578,Myers
1604,USC Shoah Foundation,Maurice Myers,3835,Myers
1605,USHMM,Rabbi Judah Nadich,RG-50.010*0063,Nadich
1606,USHMM,Rabbi Judah Nadich,RG-50.470*0017,Nadich
1607,USHMM,Rabbi Judah Nadich,RG-50.030*0169,Nadich
1608,USHMM,Barton Nagata,RG-50.062*0021,Nagata
1609,USHMM,Armin Nagel,RG-50.062*0022,Nagel
1610,USC Shoah Foundation,Jacob Nagiel,15645,Nagiel
1611,USC Shoah Foundation,Eric Nash,1581,Nash
1612,USHMM,Lauren Nash,RG-50.010*0064,Nash
1613,USC Shoah Foundation,Mary Natan,56,Natan
1614,USC Shoah Foundation,Cissie Nathan,6900,Nathan
1615,USHMM,Frank Nathanson,RG-50.154*0021,Nathanson
1616,USHMM,Yanina Nayman,RG-50.405*0035,Nayman
1617,USHMM,Kay B. Nee,RG-50.156*0043,Nee
1618,USHMM,Mr. Isaac Nehama,RG-50.549.02*0069,Nehama
1619,USHMM,Paulette Nehama,RG-50.030*0475,Nehama
1620,USHMM,Roger Neighborgall,RG-50.030*0749,Neighborgall
1621,USC Shoah Foundation,Halina Nelken,6258,Nelken
1622,USHMM,Dora Neselrot,RG-50.165*0083,Neselrot
1623,USC Shoah Foundation,Robert Ness,5388,Ness
1624,USC Shoah Foundation,Dora Nesselroth,19352,Nesselroth
1625,USHMM,Franka Neufeld,RG-50.165*0084,Neufeld
1626,USC Shoah Foundation,Eva Neumann,15938,Neumann
1627,USHMM,Mrs. Johanna J. Neumann,RG-50.030*0170,Neumann
1628,USHMM,Felix Nicinski,RG-50.106*0169,Nicinski
1629,USHMM,Preben M. Nielsen,RG-50.549.02*0040,Nielsen
1630,USHMM,Mrs. Sibylle S. Niemoeller,RG-50.030*0490,Niemoeller
1631,USHMM,Mrs. Sibylle S. Niemoeller,RG-50.462*0094,Niemoeller
1632,USHMM,Julian Noga,RG-50.030*0171,Noga
1633,USHMM,Julian Noga,RG-50.549.02*0066,Noga
1634,USHMM,Frieda Noga,RG-50.549.02*0067,Noga
1635,USHMM,Hannah Northway,RG-50.322*0028,Northway
1636,USHMM,Donald Nost,RG-50.156*0045,Nost
1637,USC Shoah Foundation,Nathan Nothman,10564,Nothman
1638,USHMM,Jan Nowak,RG-50.549.01*0025,Nowak
1639,USHMM,Willi Nowak,RG-50.462*0045,Nowak
1640,USHMM,Fritzi Nozik,RG-50.755*0004,Nozik
1641,USHMM,Lisa Nussbaum,RG-50.030*0300,Nussbaum
1642,USC Shoah Foundation,Zipora Nutovits,3984,Nutovits
1643,USC Shoah Foundation,Laura Oberlender,12337,Oberlender
1644,USHMM,Janine Oberrotman,RG-50.562*0004,Oberrotman
1645,USC Shoah Foundation,Henry Oertelt,7069,Oertelt
1646,USHMM,Henry A. Oertelt,RG-50.156*0046,Oertelt
1647,USC Shoah Foundation,Nathan Offen,20084,Offen
1648,USC Shoah Foundation,Michael Okunieff,13693,Okunieff
1649,USC Shoah Foundation,Klaus Ollendorff,25831,Ollendorff
1650,USHMM,Vera Oppenheim,RG-50.150*0029,Oppenheim
1651,USC Shoah Foundation,Paul Oppenheimer,13469,Oppenheimer
1652,USC Shoah Foundation,Ruth Oppenheimer,8962,Oppenheimer
1653,USHMM,Jack Oran,RG-50.045*0016,Oran
1654,USC Shoah Foundation,Lola Orzech,1354,Orzech
1655,USHMM,Dorrit L. Ostberg,RG-50.106*0132,Ostberg
1656,USC Shoah Foundation,Henry Oster,4284,Oster
1657,USHMM,A. P.,RG-50.405*0036,P.
1658,USHMM,G. P.,RG-50.405*0037,P.
1659,USHMM,Adriana F. Pacifici,RG-50.106*0006,Pacifici
1660,USC Shoah Foundation,Josef Paczynski,22883,Paczynski
1661,USC Shoah Foundation,Leopold Page,293,Page
1662,USC Shoah Foundation,Ludmila Page,294,Page
1663,USHMM,Leopold Page,RG-50.042*0022,Page
1664,USHMM,Ludmilla Page,RG-50.042*0021,Page
1665,USHMM,Ted Pais,RG-50.471*0009,Pais
1666,USHMM,Anna S. Palarczyk,RG-50.030*0446,Palarczyk
1667,USC Shoah Foundation,Ida Paluch,4289,Paluch
1668,USC Shoah Foundation,Murray Pantirer,6736,Pantirer
1669,USHMM,Mr. Murray Pantirer,RG-50.030*0174,Pantirer
1670,USHMM,Ms. Beatrice Pappenheimer,RG-50.030*0175,Pappenheimer
1671,USC Shoah Foundation,Sonia Papper,43,Papper
1672,USC Shoah Foundation,Elizabeth Parker,12810,Parker
1673,USHMM,Leonard Parker,RG-50.156*0047,Parker
1674,USC Shoah Foundation,Clare Parker,17543,Parker
1675,USC Shoah Foundation,Paul Parks,4513,Parks
1676,USHMM,Mrs. Bella S. Pasternak,RG-50.106*0081,Pasternak
1677,USHMM,Bernard Pasternak,RG-50.030*0177,Pasternak
1678,USHMM,Mr. Bernard Pasternak,RG-50.106*0080,Pasternak
1679,USC Shoah Foundation,Rose Patoka,27304,Patoka
1680,USHMM,Mr. Kurt Pauly,RG-50.106*0079,Pauly
1681,USHMM,Ms. Ursula L. Pawel,RG-50.030*0488,Pawel
1682,USHMM,Ms. Jolanta M. Pawlikowski,RG-50.030*0789,Pawlikowski
1683,USHMM,Mr. Witold J. Pawlikowski,RG-50.030*0788,Pawlikowski
1684,USHMM,Ms. Halina Peabody,RG-50.106*0152,Peabody
1685,USHMM,Ms. Miki Pear,RG-50.233*0100,Pear
1686,USC Shoah Foundation,Steven Pearl,16571,Pearl
1687,USHMM,Paul Peeters,RG-50.030*0492,Peeters
1688,USHMM,Eva Peker,RG-50.233*0101,Peker
1689,USC Shoah Foundation,Santa Pelham,6944,Pelham
1690,USHMM,Walter Peltz,RG-50.165*0087,Peltz
1691,USHMM,Rita Penn,RG-50.030*0569,Penn
1692,USHMM,Manya Perel,RG-50.462*0018,Perel
1693,USHMM,Cecelia Perera,RG-50.243*0025,Perera
1694,USHMM,William Perl,RG-50.030*0443,Perl
1695,USHMM,Lore Perl,RG-50.030*0447,Perl
1696,USC Shoah Foundation,Anna Perl,15610,Perl
1697,USC Shoah Foundation,William Perl,24409,Perl
1698,USHMM,Mina Perlberger,RG-50.030*0180,Perlberger
1699,USC Shoah Foundation,Martin Perlmutter,1387,Perlmutter
1700,USC Shoah Foundation,Morris Perlmutter,10745,Perlmutter
1701,USHMM,Charlene Perlmutter,RG-50.030*0203,Perlmutter
1702,USHMM,Jack Perry,RG-50.165*0088,Perry
1703,USC Shoah Foundation,Nathan Peters,3150,Peters
1704,USHMM,Richard W. Peterson,RG-50.106*0114,Peterson
1705,USHMM,Alex Petrushka,RG-50.165*0090,Petrushka
1706,USHMM,Dr. George D. Schwab Ph.D.,RG-50.030*0493,Ph.D.
1707,USHMM,Rabbi Jacob G. Wiener Ph.D.,RG-50.106*0112,Ph.D.
1708,USHMM,Steven J. Fenves Ph.D.,RG-50.030*0494,Ph.D.
1709,USC Shoah Foundation,Brendon Phibbs,24814,Phibbs
1710,USHMM,George Pick,RG-50.106*0084,Pick
1711,USC Shoah Foundation,Richard Pick,13141,Pick
1712,USC Shoah Foundation,Ellen Picker,8895,Picker
1713,USC Shoah Foundation,Hilda Pierce,21013,Pierce
1714,USC Shoah Foundation,Felix Pierson,2581,Pierson
1715,USHMM,Philip Pines,RG-50.106*0221,Pines
1716,USHMM,Mirjam W. Pinkhof,RG-50.462*0067,Pinkhof
1717,USC Shoah Foundation,Jack Pinto,895,Pinto
1718,USHMM,George Pisik,RG-50.106*0124,Pisik
1719,USHMM,Mr. Rubin Pizem,RG-50.030*0651,Pizem
1720,USHMM,Arthur Plaut,RG-50.150*0030,Plaut
1721,USHMM,Henry Plitt,RG-50.030*0181,Plitt
1722,USC Shoah Foundation,Motel Pogir,6878,Pogir
1723,USC Shoah Foundation,Lilit Pohlmann,15393,Pohlmann
1724,USHMM,Catherine Polak,RG-50.233*0102,Polak
1725,USHMM,Mr. Jack Polak,RG-50.233*0103,Polak
1726,USC Shoah Foundation,Edith Polgar,3994,Polgar
1727,USC Shoah Foundation,Edward Polidi,17720,Polidi
1728,USHMM,Ilse Pollack,RG-50.031*0056,Pollack
1729,USHMM,David Pollack,RG-50.030*0182,Pollack
1730,USHMM,Ernie Pollak,RG-50.030*0582,Pollak
1731,USC Shoah Foundation,Jack Pomerantz,2002,Pomerantz
1732,USHMM,Karel Poons,RG-50.030*0183,Poons
1733,USC Shoah Foundation,Leo Pop,9102,Pop
1734,USHMM,Hedi Pope,RG-50.106*0083,Pope
1735,USC Shoah Foundation,Mike Popik,2460,Popik
1736,USC Shoah Foundation,Lucie Porges,8212,Porges
1737,USHMM,Faye Porter,RG-50.156*0048,Porter
1738,USC Shoah Foundation,Faygeh Porter-Arenzon,14320,Porter-Arenzon
1739,USC Shoah Foundation,Clara Posner,9215,Posner
1740,USC Shoah Foundation,Louis Posner,740,Posner
1741,USHMM,Ernst L. Presseisen,RG-50.462*0046,Presseisen
1742,USC Shoah Foundation,Bernard Presser,22463,Presser
1743,USC Shoah Foundation,Rose Dora Presser,23540,Presser
1744,USHMM,Paul Pressman,RG-50.549.05*0006,Pressman
1745,USHMM,Kathy Preston,RG-50.926*0006,Preston
1746,USHMM,Jutta Preuss,RG-50.030*0762,Preuss
1747,USC Shoah Foundation,Morris Price,8072,Price
1748,USC Shoah Foundation,Morris Primack,23742,Primack
1749,USHMM,Hans Prins,RG-50.154*0022,Prins
1750,USHMM,Ms. Marion Pritchard,RG-50.012*0071,Pritchard
1751,USC Shoah Foundation,Leon Prochnik,18770,Prochnik
1752,USHMM,Dr. Janina Prot,RG-50.233*0104,Prot
1753,USHMM,Herbert Prover,RG-50.031*0057,Prover
1754,USHMM,Herbert Pundik,RG-50.030*0065,Pundik
1755,USC Shoah Foundation,Lola Putt,23815,Putt
1756,USHMM,William W. Quinn,RG-50.010*0072,Quinn
1757,USHMM,Esther T. Raab,RG-50.030*0184,Raab
1758,USHMM,Esther T. Raab,RG-50.042*0023,Raab
1759,USHMM,Solomon Radasky,RG-50.030*0305,Radasky
1760,USC Shoah Foundation,Aniela Ania Radek,26465,Radek
1761,USC Shoah Foundation,Lipman Radzik,3771,Radzik
1762,USHMM,Shirley Ragen,RG-50.165*0093,Ragen
1763,USHMM,Ms. Lucie Ragin,RG-50.030*0532,Ragin
1764,USC Shoah Foundation,Yaacov Rand,17761,Rand
1765,USC Shoah Foundation,Uri Rantz,22685,Rantz
1766,USC Shoah Foundation,Susan Rapaport,16442,Rapaport
1767,USHMM,James Rapp,RG-50.165*0094,Rapp
1768,USHMM,Ms. Maria Pawulska Rasiej,RG-50.030*0700,Rasiej
1769,USC Shoah Foundation,Vera Ray,25209,Ray
1770,USHMM,Frederick Raymes,RG-50.233*0105,Raymes
1771,USC Shoah Foundation,Maurice Rabbie Raynor,7506,Raynor
1772,USHMM,Magda Rebitzer,RG-50.031*0059,Rebitzer
1773,USHMM,Moses Rechnitz,RG-50.233*0106,Rechnitz
1774,USHMM,Helene Reeves,RG-50.030*0414,Reeves
1775,USHMM,Ralph Rehbock,RG-50.031*0061,Rehbock
1776,USHMM,Ralph Rehbock,RG-50.031*0060,Rehbock
1777,USC Shoah Foundation,Anna Reich,1292,Reich
1778,USHMM,Liane Reif-Lehrer,RG-50.233*0108,Reif-Lehrer
1779,USHMM,Liane Reif-Lehrer,RG-50.030*0186,Reif-Lehrer
1780,USHMM,Liane Reif-Lehrer,RG-50.549.02*0043,Reif-Lehrer
1781,USC Shoah Foundation,Alex Reifer,16792,Reifer
1782,USC Shoah Foundation,Bertha Reis,14928,Reis
1783,USHMM,Erika Reiss,RG-50.030*0309,Reiss
1784,USHMM,Frank Reiss,RG-50.030*0187,Reiss
1785,USHMM,Mayer Relles,RG-50.462*0119,Relles
1786,USHMM,Abe Resnick,RG-50.030*0292,Resnick
1787,USC Shoah Foundation,Abraham Resnick,1975,Resnick
1788,USC Shoah Foundation,Sonia Resnick-Tetelbaum,9702,Resnick-Tetelbaum
1789,USHMM,Anne H. Resnik,RG-50.030*0448,Resnik
1790,USHMM,George Reuter,RG-50.028*0050,Reuter
1791,USHMM,Michel Reynders,RG-50.030*0373,Reynders
1792,USHMM,Vladimir Reznikov,RG-50.405*0042,Reznikov
1793,USHMM,Sergey Reznikov,RG-50.405*0044,Reznikov
1794,USHMM,Sulamith Reznikov,RG-50.405*0041,Reznikov
1795,USC Shoah Foundation,Lawrence Rhee,13981,Rhee
1796,USHMM,Jacques Ribons,RG-50.030*0752,Ribons
1797,USHMM,Eve W. Rich,RG-50.030*0188,Rich
1798,USC Shoah Foundation,Morris Rich,18626,Rich
1799,USC Shoah Foundation,Isaac Richards,12255,Richards
1800,USC Shoah Foundation,George Riechfeld,27543,Riechfeld
1801,USHMM,Gerhart Riegner,RG-50.030*0189,Riegner
1802,USC Shoah Foundation,Dolf Ringel,2067,Ringel
1803,USHMM,Thea S. Rips,RG-50.106*0164,Rips
1804,USC Shoah Foundation,Alexander Riseman,27390,Riseman
1805,USHMM,Mary Rita,RG-50.344*0006,Rita
1806,USHMM,Kurt Roberg,RG-50.106*0141,Roberg
1807,USC Shoah Foundation,Ilona Roberts,1160,Roberts
1808,USC Shoah Foundation,Wlodka Robertson,6257,Robertson
1809,USHMM,Henry Robertson,RG-50.233*0111,Robertson
1810,USHMM,Marianne Robitschek,RG-50.030*0312,Robitschek
1811,USHMM,Eli Rock,RG-50.030*0386,Rock
1812,USC Shoah Foundation,Walter Rockler,11611,Rockler
1813,USHMM,Ms. Barbara L. Rodbell,RG-50.549.02*0019,Rodbell
1814,USHMM,Ms. Barbara L. Rodbell,RG-50.030*0192,Rodbell
1815,USC Shoah Foundation,Eva Roden,22734,Roden
1816,USC Shoah Foundation,Rudolph Roden,21786,Roden
1817,USHMM,Abraham Rodstein,RG-50.471*0007,Rodstein
1818,USHMM,Perel Rodzinek,RG-50.165*0096,Rodzinek
1819,USC Shoah Foundation,Fred Roer,13817,Roer
1820,USC Shoah Foundation,Janet Rogowsky,14867,Rogowsky
1821,USHMM,Max Roisman,RG-50.462*0095,Roisman
1822,USC Shoah Foundation,Sally Roisman,21652,Roisman
1823,USHMM,Noah Roitman,RG-50.106*0115,Roitman
1824,USC Shoah Foundation,Moshe Rojek,9091,Rojek
1825,USC Shoah Foundation,Albert Roland,27129,Roland
1826,USHMM,Eleanor Rolfe,RG-50.030*0600,Rolfe
1827,USHMM,Mr. Coenraad Rood,RG-50.233*0112,Rood
1828,USC Shoah Foundation,Joseph Roos,2996,Roos
1829,USHMM,Edwarda Rorat,RG-50.549.01*0010,Rorat
1830,USC Shoah Foundation,Albert Rosa,7160,Rosa
1831,USHMM,Hedwig Rose,RG-50.030*0496,Rose
1832,USHMM,Ms. Sylvia Rosen,RG-50.030*0677,Rosen
1833,USHMM,Ms. Alice L. Rosen,RG-50.030*0194,Rosen
1834,USHMM,Morris Rosen,RG-50.106*0119,Rosen
1835,USHMM,Samuel Rosen,RG-50.060*0045,Rosen
1836,USHMM,Mr. Alexander F. Rosenberg,RG-50.549.05*0012,Rosenberg
1837,USHMM,Mrs. Lucie S. Rosenberg,RG-50.549.02*0078,Rosenberg
1838,USHMM,Mrs. Lucie S. Rosenberg,RG-50.030*0471,Rosenberg
1839,USHMM,Samuel Rosenberg,RG-50.031*0062,Rosenberg
1840,USC Shoah Foundation,Sol Rosenberg,10098,Rosenberg
1841,USHMM,John Rosenberg,RG-50.549.05*0007,Rosenberg
1842,USC Shoah Foundation,Jacob Rosenberg,20686,Rosenberg
1843,USHMM,Lillyan Rosenberg,RG-50.030*0510,Rosenberg
1844,USHMM,Andrei Rosenberg,RG-50.030*0416,Rosenberg
1845,USHMM,Izy Rosenblat,RG-50.233*0113,Rosenblat
1846,USC Shoah Foundation,Freda Rosenblatt,523,Rosenblatt
1847,USC Shoah Foundation,Helen Rosenblatt,7238,Rosenblatt
1848,USHMM,Maria Rosenbloom,RG-50.030*0379,Rosenbloom
1849,USC Shoah Foundation,Max Rosenbloom,3206,Rosenbloom
1850,USHMM,Mr. Sholom Rosenheck,RG-50.030*0529,Rosenheck
1851,USC Shoah Foundation,Pepa Rosenman,7414,Rosenman
1852,USC Shoah Foundation,Masza Rosenroth,198,Rosenroth
1853,USC Shoah Foundation,Suse Rosenstock,11067,Rosenstock
1854,USHMM,Ms. Yaffa Rosenthal,RG-50.030*0195,Rosenthal
1855,USC Shoah Foundation,Jacques Rosenthal,8191,Rosenthal
1856,USHMM,Inge S. Rosenthal,RG-50.030*0389,Rosenthal
1857,USHMM,Margie Rosenthal,RG-50.106*0052,Rosenthal
1858,USC Shoah Foundation,Mark Rosenthal,3277,Rosenthal
1859,USC Shoah Foundation,Jack Rosenthal,1062,Rosenthal
1860,USHMM,Israel Rosenwald,RG-50.005*0047,Rosenwald
1861,USHMM,Libby S. Rosenzweig,RG-50.156*0050,Rosenzweig
1862,USC Shoah Foundation,Helena Jonas Rosenzweig,23626,Rosenzweig
1863,USHMM,Ben Rosenzweig,RG-50.156*0049,Rosenzweig
1864,USHMM,Ruth Rosicka,RG-50.106*0125,Rosicka
1865,USC Shoah Foundation,Henry Rosmarin,268,Rosmarin
1866,USC Shoah Foundation,Marianne Rosner,24958,Rosner
1867,USC Shoah Foundation,Helena Rosner,17374,Rosner
1868,USC Shoah Foundation,Leopold Rosner,17372,Rosner
1869,USC Shoah Foundation,Odette Ross,7598,Ross
1870,USC Shoah Foundation,Renate Rossmere,15991,Rossmere
1871,USHMM,Pal Rosza,RG-50.233*0114,Rosza
1872,USC Shoah Foundation,Peretz Rotenberg,769,Rotenberg
1873,USC Shoah Foundation,Ben Roter,4160,Roter
1874,USHMM,Eva Roth,RG-50.233*0115,Roth
1875,USHMM,Sophie Roth,RG-50.462*0096,Roth
1876,USHMM,Dora Roth,RG-50.030*0197,Roth
1877,USHMM,Blanka Rothschild,RG-50.030*0281,Rothschild
1878,USHMM,Blanka Rothschild,RG-50.549.02*0057,Rothschild
1879,USHMM,Blanka Rothschild,RG-50.549.03*0003,Rothschild
1880,USHMM,Gretel Rothschild,RG-50.150*0032,Rothschild
1881,USHMM,Shelly Rothschild-Sherwin,RG-50.549.04*0004,Rothschild-Sherwin
1882,USC Shoah Foundation,Richard Rozen,20684,Rozen
1883,USHMM,Hannah Rozen,RG-50.165*0098,Rozen
1884,USHMM,Marsha Rozenblit,RG-50.233*0116,Rozenblit
1885,USHMM,Eva Rozsa,RG-50.233*0117,Rozsa
1886,USC Shoah Foundation,Stan Rubens,25809,Rubens
1887,USC Shoah Foundation,Morris Rubenstein,24615,Rubenstein
1888,USHMM,Seymour J. Rubin,RG-50.030*0449,Rubin
1889,USHMM,Agi Rubin,RG-50.042*0024,Rubin
1890,USC Shoah Foundation,Ernest Rubin,1537,Rubin
1891,USC Shoah Foundation,Rachael Rubin,14142,Rubin
1892,USC Shoah Foundation,Sulia Rubin,5799,Rubin
1893,USC Shoah Foundation,Irving Rubinstein,2938,Rubinstein
1894,USC Shoah Foundation,Judith Rubinstein,747,Rubinstein
1895,USHMM,Judy Rubinstein,RG-50.165*0100,Rubinstein
1896,USC Shoah Foundation,Donna Rubinstein,26359,Rubinstein
1897,USHMM,Ms. Rita Rubinstein,RG-50.106*0174,Rubinstein
1898,USHMM,Alice Ruda,RG-50.154*0023,Ruda
1899,USHMM,Ms. Frida Ruderman,RG-50.030*0590,Ruderman
1900,USHMM,Ida Rudley,RG-50.462*0097,Rudley
1901,USC Shoah Foundation,Thea Rumstein,20575,Rumstein
1902,USC Shoah Foundation,Edward Ruston,21308,Ruston
1903,USHMM,Zuzana Ružičková,RG-50.615*0001,Ružičková
1904,USHMM,Mr. David Rynecki,RG-50.030*0628,Rynecki
1905,USHMM,D. S.,RG-50.462*0057,S.
1906,USC Shoah Foundation,Beatrix Sachs,13198,Sachs
1907,USC Shoah Foundation,Hanns Saenger,7337,Saenger
1908,USC Shoah Foundation,Eva Safferman,18932,Safferman
1909,USHMM,Ms. Ginetta Sagan,RG-50.030*0458,Sagan
1910,USC Shoah Foundation,Sarah Salamon,748,Salamon
1911,USHMM,Irene Salomonawicz,RG-50.030*0366,Salomonawicz
1912,USC Shoah Foundation,Norman Salsitz,3331,Salsitz
1913,USHMM,Norman Salsitz,RG-50.549.03*0004,Salsitz
1914,USHMM,Norman Salsitz,RG-50.549.02*0052,Salsitz
1915,USHMM,Amalie P. Salsitz,RG-50.030*0198,Salsitz
1916,USHMM,Norman Salsitz,RG-50.233*0119,Salsitz
1917,USHMM,Norman Salsitz,RG-50.030*0199,Salsitz
1918,USHMM,Norman Salsitz,RG-50.002*0088,Salsitz
1919,USHMM,Amalie P. Salsitz,RG-50.549.02*0054,Salsitz
1920,USC Shoah Foundation,Charles Salt,22447,Salt
1921,USHMM,Mr. George L. Salton,RG-50.470*0018,Salton
1922,USHMM,George Salton,RG-50.030*0200,Salton
1923,USHMM,Ruth Salton,RG-50.030*0201,Salton
1924,USHMM,Sonja Samson,RG-50.462*0121,Samson
1925,USC Shoah Foundation,Klara Samuels,14897,Samuels
1926,USC Shoah Foundation,Jacob Sandbrand,25027,Sandbrand
1927,USHMM,Sig Sanders,RG-50.322*0029,Sanders
1928,USC Shoah Foundation,Pearl Sapoznik,24106,Sapoznik
1929,USC Shoah Foundation,Cela Sarna,16395,Sarna
1930,USC Shoah Foundation,Katherine Sattler,17301,Sattler
1931,USHMM,Jon Sauber,RG-50.462*0122,Sauber
1932,USC Shoah Foundation,Jennie Sauer,20710,Sauer
1933,USHMM,Ilse Sauer,RG-50.030*0273,Sauer
1934,USC Shoah Foundation,Lillian Saunders,14552,Saunders
1935,USC Shoah Foundation,Kurt Saunders,18670,Saunders
1936,USHMM,Pierre Sauvage,RG-50.030*0202,Sauvage
1937,USC Shoah Foundation,Herman Schaalman,15721,Schaalman
1938,USC Shoah Foundation,Rose Schachter,3002,Schachter
1939,USHMM,Irving Schaffer,RG-50.106*0122,Schaffer
1940,USHMM,Pepi Schafler,RG-50.030*0712,Schafler
1941,USHMM,Siva Scheer,RG-50.156*0051,Scheer
1942,USC Shoah Foundation,Maria Scheffer,4187,Scheffer
1943,USC Shoah Foundation,Leon Scher,21004,Scher
1944,USC Shoah Foundation,Hilde Scheraga,11801,Scheraga
1945,USHMM,Renee Scheuer,RG-50.030*0439,Scheuer
1946,USHMM,Mrs. Charlene P. Schiff,RG-50.233*0120,Schiff
1947,USC Shoah Foundation,Charlene Schiff,7437,Schiff
1948,USHMM,Gabriele Derenberg Schiff,RG-50.030*0460,Schiff
1949,USHMM,Mrs. Charlene P. Schiff,RG-50.549.02*0068,Schiff
1950,USHMM,Wella Schiffman,RG-50.060*0047,Schiffman
1951,USHMM,Gerda Schild,RG-50.030*0334,Schild
1952,USHMM,Renee Schiller,RG-50.030*0556,Schiller
1953,USC Shoah Foundation,George Schillinger,19055,Schillinger
1954,USHMM,Helen Schimel,RG-50.165*0102,Schimel
1955,USHMM,Sol Schindel,RG-50.031*0065,Schindel
1956,USHMM,Emily Schleissner,RG-50.030*0344,Schleissner
1957,USC Shoah Foundation,Herman Schlesinger,27770,Schlesinger
1958,USHMM,Edith Schlesinger,RG-50.165*0103,Schlesinger
1959,USC Shoah Foundation,Margot Schlesinger,1684,Schlesinger
1960,USC Shoah Foundation,Chaskel Schlesinger,1680,Schlesinger
1961,USHMM,Paul Schlisser,RG-50.549.05*0014,Schlisser
1962,USHMM,Kurt Schloss,RG-50.150*0033,Schloss
1963,USC Shoah Foundation,Eva Schloss,20088,Schloss
1964,USC Shoah Foundation,Rachela Schlufman,6076,Schlufman
1965,USHMM,Dr. Henry Schmelzer,RG-50.030*0204,Schmelzer
1966,USHMM,Max Schmidt,RG-50.030*0279,Schmidt
1967,USHMM,Fritz Schnaittacher,RG-50.030*0325,Schnaittacher
1968,USHMM,Fritz Schnaittacher,RG-50.549.01*0026,Schnaittacher
1969,USC Shoah Foundation,Miriam Schneid-Ofseyer,3858,Schneid-Ofseyer
1970,USHMM,Ms. Lore Schneider,RG-50.106*0161,Schneider
1971,USHMM,Sylvia Schneider,RG-50.462*0098,Schneider
1972,USHMM,William Schneiderman,RG-50.030*0288,Schneiderman
1973,USHMM,Norma Schneiderman,RG-50.030*0287,Schneiderman
1974,USHMM,Leo Schneiderman,RG-50.030*0205,Schneiderman
1975,USHMM,Mr. Walter Schnell,RG-50.030*0206,Schnell
1976,USHMM,Alfred Schnog,RG-50.106*0142,Schnog
1977,USHMM,Mary Schoen,RG-50.028*0052,Schoen
1978,USHMM,Margaret Schoenfeld,RG-50.030*0616,Schoenfeld
1979,USHMM,Ms. Lore J. Schore,RG-50.030*0605,Schore
1980,USHMM,Ms. Cornelia Schouten,RG-50.030*0207,Schouten
1981,USHMM,Budd Schulberg,RG-50.030*0502,Schulberg
1982,USHMM,Zina Schulz,RG-50.030*0018,Schulz
1983,USHMM,Freddy Schumer,RG-50.030*0668,Schumer
1984,USC Shoah Foundation,Bernard Schuster,7458,Schuster
1985,USHMM,Erna Schutz,RG-50.150*0034,Schutz
1986,USC Shoah Foundation,Eva Schutz,21731,Schutz
1987,USHMM,Mr. Gerald Schwab,RG-50.106*0082,Schwab
1988,USC Shoah Foundation,Anneliese Schwab,15768,Schwab
1989,USHMM,Mrs. Joan I. Schwab,RG-50.106*0058,Schwab
1990,USHMM,Steffie B. Schwarcz,RG-50.462*0047,Schwarcz
1991,USHMM,Helen Schwartz,RG-50.165*0104,Schwartz
1992,USC Shoah Foundation,Adam Schwartz,1391,Schwartz
1993,USC Shoah Foundation,Maya Schwartz,22652,Schwartz
1994,USC Shoah Foundation,Thomas Schwartz,1029,Schwartz
1995,USHMM,Fred Schwartz,RG-50.030*0208,Schwartz
1996,USC Shoah Foundation,Milton Schwartz,9878,Schwartz
1997,USC Shoah Foundation,Rose Schwartz,10119,Schwartz
1998,USHMM,Max Schwartz,RG-50.156*0052,Schwartz
1999,USHMM,Lilly Schwarz,RG-50.030*0077,Schwarz
2000,USHMM,Ms. Susie G. Schwarz,RG-50.549.02*0024,Schwarz
2001,USHMM,Gina Schweitzer,RG-50.030*0259,Schweitzer
2002,USHMM,Sara Schwimmer,RG-50.462*0099,Schwimmer
2003,USC Shoah Foundation,Sydney Schwimmer,14737,Schwimmer
2004,USHMM,Michael Scislowski,RG-50.233*0121,Scislowski
2005,USC Shoah Foundation,George Scott,1033,Scott
2006,USC Shoah Foundation,Renee Scott,26486,Scott
2007,USHMM,Melwood van Scoyoc,RG-50.154*0029,Scoyoc
2008,USHMM,Hanna D. Seckel,RG-50.462*0020,Seckel
2009,USC Shoah Foundation,Charlotte Seeman,6503,Seeman
2010,USHMM,Hilda Seftor,RG-50.106*0168,Seftor
2011,USHMM,Louise Segaar,RG-50.030*0461,Segaar
2012,USHMM,Ms. Lore Segal,RG-50.030*0522,Segal
2013,USC Shoah Foundation,Sandra Segal,12612,Segal
2014,USHMM,Ira Segalewitz,RG-50.030*0557,Segalewitz
2015,USHMM,Ivar Segalowitz,RG-50.471*0004,Segalowitz
2016,USHMM,Richard R. Seibel,RG-50.470*0019,Seibel
2017,USHMM,Richard Seibel,RG-50.030*0210,Seibel
2018,USHMM,Jules Seidenwebber,RG-50.165*0106,Seidenwebber
2019,USC Shoah Foundation,Syda Selinger,6195,Selinger
2020,USC Shoah Foundation,Martin Selling,13874,Selling
2021,USHMM,David J. Selznick,RG-50.030*0211,Selznick
2022,USC Shoah Foundation,Ruth Sender,15943,Sender
2023,USC Shoah Foundation,Brenda Senders,3453,Senders
2024,USHMM,Mrs. Brenda S. Senders,RG-50.549.02*0011,Senders
2025,USHMM,Gitta Sereny,RG-50.030*0483,Sereny
2026,USHMM,Lilian Shafran,RG-50.405*0049,Shafran
2027,USC Shoah Foundation,Eva Shane,2391,Shane
2028,USC Shoah Foundation,Jerry Shane,7860,Shane
2029,USHMM,Irene Shapiro,RG-50.233*0125,Shapiro
2030,USHMM,Asa Shapiro,RG-50.030*0519,Shapiro
2031,USHMM,Sara Shapiro,RG-50.030*0518,Shapiro
2032,USC Shoah Foundation,Hela Shapow,54,Shapow
2033,USC Shoah Foundation,Nathan Shapow,53,Shapow
2034,USC Shoah Foundation,Henryka Shaw,13524,Shaw
2035,USHMM,Sol Shaya,RG-50.030*0141,Shaya
2036,USC Shoah Foundation,Mette Shayne,15540,Shayne
2037,USC Shoah Foundation,David Shear,490,Shear
2038,USC Shoah Foundation,Edith Sheldon,4700,Sheldon
2039,USC Shoah Foundation,Mira Shelub,22959,Shelub
2040,USC Shoah Foundation,Michael Sheridan,13483,Sheridan
2041,USHMM,Mr. Ezra Sherman,RG-50.030*0750,Sherman
2042,USHMM,Ms. Sara Sherman,RG-50.030*0751,Sherman
2043,USHMM,Samuel Sherron,RG-50.462*0068,Sherron
2044,USHMM,Zygmund Shipper,RG-50.030*0526,Shipper
2045,USC Shoah Foundation,Nechama Shneorson,8842,Shneorson
2046,USHMM,Ms. Esia Shor,RG-50.030*0565,Shor
2047,USHMM,Miriam K. Shulman,RG-50.030*0375,Shulman
2048,USHMM,Grant Shultheis,RG-50.030*0589,Shultheis
2049,USC Shoah Foundation,Frank Shurman,10572,Shurman
2050,USHMM,Milton L. Shurr,RG-50.470*0020,Shurr
2051,USHMM,Ms. Lidia K. Siciarz,RG-50.030*0405,Siciarz
2052,USC Shoah Foundation,Aranka Siegal,8423,Siegal
2053,USHMM,Charles Siegman,RG-50.030*0477,Siegman
2054,USC Shoah Foundation,Godel Silber,2226,Silber
2055,USC Shoah Foundation,Fira Silberbach,11205,Silberbach
2056,USHMM,Helga Silbermann,RG-50.322*0030,Silbermann
2057,USHMM,Walter Silberstein,RG-50.462*0069,Silberstein
2058,USC Shoah Foundation,Ruth Silten,1216,Silten
2059,USHMM,Hanna Silver,RG-50.462*0123,Silver
2060,USC Shoah Foundation,Henry Silver,6523,Silver
2061,USHMM,Gert Silver,RG-50.562*0010,Silver
2062,USC Shoah Foundation,Sam Simchovitch,1316,Simchovitch
2063,USHMM,Manfred Simon,RG-50.154*0025,Simon
2064,USC Shoah Foundation,Thomas Simon,3085,Simon
2065,USHMM,Eric Simon,RG-50.030*0754,Simon
2066,USHMM,Bella Simon,RG-50.030*0176,Simon
2067,USHMM,Anita Simons,RG-50.154*0024,Simons
2068,USHMM,Juergen Simonson,RG-50.030*0455,Simonson
2069,USC Shoah Foundation,H. Henry Sinason,15686,Sinason
2070,USHMM,Ms. Flora Singer,RG-50.233*0126,Singer
2071,USC Shoah Foundation,Lothar Singer,27409,Singer
2072,USC Shoah Foundation,Jenny Singer,2590,Singer
2073,USC Shoah Foundation,Edith Singer,304,Singer
2074,USC Shoah Foundation,Max Sitzer,3685,Sitzer
2075,USC Shoah Foundation,Clara Skaletzky,597,Skaletzky
2076,USC Shoah Foundation,Nathan Skaletzky,598,Skaletzky
2077,USC Shoah Foundation,Sonia Sklaver,27747,Sklaver
2078,USC Shoah Foundation,Jack Skovronski,4032,Skovronski
2079,USC Shoah Foundation,Hyman Skulsky,5613,Skulsky
2080,USHMM,Jerry Slivka,RG-50.030*0215,Slivka
2081,USHMM,Rochelle B. Slivka,RG-50.549.02*0026,Slivka
2082,USHMM,Rochelle B. Slivka,RG-50.030*0216,Slivka
2083,USHMM,Jerry Slivka,RG-50.549.02*0027,Slivka
2084,USC Shoah Foundation,Eva Slomovits,24130,Slomovits
2085,USHMM,Rene Slotkin,RG-50.549.02*0008,Slotkin
2086,USHMM,Doris Small,RG-50.030*0597,Small
2087,USC Shoah Foundation,Margaret Smaye,617,Smaye
2088,USHMM,Lucy Smith,RG-50.156*0053,Smith
2089,USC Shoah Foundation,Helena Snidman,752,Snidman
2090,USC Shoah Foundation,Mina Snochowski,18637,Snochowski
2091,USC Shoah Foundation,Lola Snow,5740,Snow
2092,USHMM,Nathan Snyder,RG-50.462*0070,Snyder
2093,USC Shoah Foundation,Otto Snyder,18258,Snyder
2094,USHMM,Ms. Irene Sobczak,RG-50.030*0790,Sobczak
2095,USC Shoah Foundation,Nathan Sobel,2980,Sobel
2096,USC Shoah Foundation,Bella Sobol,11296,Sobol
2097,USHMM,Anita Sockol,RG-50.030*0457,Sockol
2098,USHMM,Haim Solomon,RG-50.030*0353,Solomon
2099,USHMM,Haim Solomon,RG-50.549.02*0075,Solomon
2100,USHMM,Philip Solomon,RG-50.462*0021,Solomon
2101,USHMM,Werner Solomon,RG-50.150*0036,Solomon
2102,USC Shoah Foundation,Ivan Solti,8775,Solti
2103,USC Shoah Foundation,Harriet Solz,1491,Solz
2104,USC Shoah Foundation,Marika Somerstein,10252,Somerstein
2105,USC Shoah Foundation,Eli Sommer,22582,Sommer
2106,USC Shoah Foundation,Bronia Sonnenschein,8679,Sonnenschein
2107,USC Shoah Foundation,Leon Sontag,6009,Sontag
2108,USHMM,Henry Sontag,RG-50.060*0050,Sontag
2109,USHMM,Saul Sorrin,RG-50.030*0284,Sorrin
2110,USHMM,Stanislaw Soszynski,RG-50.030*0217,Soszynski
2111,USC Shoah Foundation,Felix Sparks,19969,Sparks
2112,USHMM,Harold Spear,RG-50.233*0129,Spear
2113,USHMM,Albert Speer,RG-50.414*0001,Speer
2114,USC Shoah Foundation,Marion Speicher,2966,Speicher
2115,USHMM,Martin Spett,RG-50.030*0218,Spett
2116,USHMM,Ada Speyer,RG-50.150*0038,Speyer
2117,USC Shoah Foundation,Fred Spiegel,10181,Spiegel
2118,USHMM,Sam Spiegel,RG-50.030*0324,Spiegel
2119,USHMM,Sam Spiegel,RG-50.106*0126,Spiegel
2120,USHMM,Mrs. Regina Spiegel,RG-50.106*0116,Spiegel
2121,USC Shoah Foundation,Marcia Spies,4963,Spies
2122,USHMM,Sylvia Spira,RG-50.165*0111,Spira
2123,USC Shoah Foundation,Vivien Spitz,9168,Spitz
2124,USC Shoah Foundation,Harry B. Spitz,3690,Spitz
2125,USHMM,Drexel A. Sprecher,RG-50.549.02*0004,Sprecher
2126,USC Shoah Foundation,Drexel Sprecher,12462,Sprecher
2127,USHMM,Drexel A. Sprecher,RG-50.030*0219,Sprecher
2128,USC Shoah Foundation,Lili Springer,22910,Springer
2129,USHMM,Steven Springfield,RG-50.030*0220,Springfield
2130,USC Shoah Foundation,Handa Stark,182,Stark
2131,USHMM,Mrs. Pela Starkopf,RG-50.030*0221,Starkopf
2132,USHMM,Adam Starkopf,RG-50.549.02*0046,Starkopf
2133,USHMM,Jerome Stasson,RG-50.106*0005,Stasson
2134,USC Shoah Foundation,Mollie Stauber,512,Stauber
2135,USC Shoah Foundation,Liselotte Steckl,24364,Steckl
2136,USHMM,Henry Steeber,RG-50.322*0031,Steeber
2137,USC Shoah Foundation,Alfred Steer,13471,Steer
2138,USHMM,Morris Steiman,RG-50.233*0131,Steiman
2139,USHMM,Ilona Stein,RG-50.154*0026,Stein
2140,USHMM,Charles Stein,RG-50.106*0117,Stein
2141,USC Shoah Foundation,Mendel Steinberg,26880,Steinberg
2142,USC Shoah Foundation,Manny Steinberg,11797,Steinberg
2143,USC Shoah Foundation,George Steinberg,22750,Steinberg
2144,USC Shoah Foundation,Gerald Steinberg,24259,Steinberg
2145,USC Shoah Foundation,Sam Steinberg,1568,Steinberg
2146,USHMM,Mr. Manfred Steinfeld,RG-50.031*0070,Steinfeld
2147,USHMM,Carol S. Steinhardt,RG-50.030*0368,Steinhardt
2148,USHMM,Lillian Steinig,RG-50.462*0048,Steinig
2149,USC Shoah Foundation,Michael Steinstock,11672,Steinstock
2150,USC Shoah Foundation,Rosalie Steinweis,10835,Steinweis
2151,USC Shoah Foundation,David Steinweis,10839,Steinweis
2152,USC Shoah Foundation,Simon Stemer,7777,Stemer
2153,USC Shoah Foundation,Louis Stepak,22836,Stepak
2154,USC Shoah Foundation,Saul Stermer,16958,Stermer
2155,USHMM,Guy Stern,RG-50.030*0223,Stern
2156,USHMM,Toby Stern,RG-50.030*0224,Stern
2157,USHMM,Bart Stern,RG-50.042*0025,Stern
2158,USHMM,Harold Stern,RG-50.462*0022,Stern
2159,USHMM,Vera Stern,RG-50.165*0114,Stern
2160,USC Shoah Foundation,Freda Stern,21919,Stern
2161,USHMM,Erna T. Stern,RG-50.030*0222,Stern
2162,USC Shoah Foundation,Emilie Stern,188,Stern
2163,USC Shoah Foundation,Alex Stern,12506,Stern
2164,USC Shoah Foundation,Arthur Stern,12494,Stern
2165,USC Shoah Foundation,Eli Stern,13623,Stern
2166,USC Shoah Foundation,Joseph Sterngast,1042,Sterngast
2167,USC Shoah Foundation,Sy Sterns,19242,Sterns
2168,USC Shoah Foundation,Joseph Stevens,21089,Stevens
2169,USC Shoah Foundation,Frieda Stieglitz,23942,Stieglitz
2170,USHMM,Abe Stine,RG-50.322*0032,Stine
2171,USHMM,Eva R. Stock,RG-50.030*0225,Stock
2172,USC Shoah Foundation,Max Stodel,1413,Stodel
2173,USC Shoah Foundation,Stefan Stok,27507,Stok
2174,USC Shoah Foundation,Mary Stolar,3933,Stolar
2175,USHMM,David Stoliar,RG-50.030*0384,Stoliar
2176,USHMM,Aaron Stolzman,RG-50.462*0071,Stolzman
2177,USC Shoah Foundation,Bernhard Storch,19921,Storch
2178,USHMM,Glenn Stranberg,RG-50.156*0055,Stranberg
2179,USHMM,Elizabeth Lusthaus Strassburger,RG-50.106*0087,Strassburger
2180,USHMM,Dr. Paul A. Strassmann,RG-50.030*0227,Strassmann
2181,USC Shoah Foundation,Paul Strassmann,2522,Strassmann
2182,USHMM,Dr. Paul A. Strassmann,RG-50.549.02*0076,Strassmann
2183,USC Shoah Foundation,Judith Straus,9503,Straus
2184,USHMM,Martin Strauss,RG-50.030*0228,Strauss
2185,USC Shoah Foundation,Ludwig Berthold Strauss,3964,Strauss
2186,USC Shoah Foundation,Hanna Strawczynski,27351,Strawczynski
2187,USHMM,Tina Strobos,RG-50.042*0026,Strobos
2188,USHMM,Sigmund Strochlitz,RG-50.030*0397,Strochlitz
2189,USHMM,Tracy Strong,RG-50.030*0531,Strong
2190,USHMM,Anna T. Sultanik,RG-50.462*0049,Sultanik
2191,USHMM,Alfred Sundquist,RG-50.470*0021,Sundquist
2192,USHMM,Ms. Helena Swierczynska,RG-50.030*0558,Swierczynska
2193,USHMM,Michel J. Swierkos,RG-50.028*0057,Swierkos
2194,USHMM,Barbara J. Syska,RG-50.030*0770,Syska
2195,USC Shoah Foundation,Alberta Szalita,9943,Szalita
2196,USC Shoah Foundation,Irvin Szames,10829,Szames
2197,USHMM,Eugenia Szamosi,RG-50.030*0229,Szamosi
2198,USC Shoah Foundation,Jacob Szczupak,13584,Szczupak
2199,USHMM,Emilie Szekely,RG-50.549.05*0008,Szekely
2200,USC Shoah Foundation,Hellmuth Szprycer,628,Szprycer
2201,USHMM,Mr. Adam Szymel,RG-50.030*0784,Szymel
2202,USHMM,Brenda Szyr,RG-50.030*0212,Szyr
2203,USHMM,Rose Szywic,RG-50.030*0270,Szywic
2204,USHMM,Gunnar Sønsteby,RG-50.030*0406,Sønsteby
2205,USHMM,Harry Tabrys,RG-50.233*0134,Tabrys
2206,USHMM,Florence Tabrys,RG-50.233*0133,Tabrys
2207,USHMM,Mrs. Hessy L. Taft,RG-50.030*0230,Taft
2208,USHMM,Carolina Taitz,RG-50.030*0231,Taitz
2209,USC Shoah Foundation,Joseph Talpert,17308,Talpert
2210,USHMM,Ms. Erika Tamar,RG-50.030*0863,Tamar
2211,USHMM,Dr. Emanuel Tanay,RG-50.042*0027,Tanay
2212,USHMM,Walter Taranowicz,RG-50.233*0135,Taranowicz
2213,USHMM,Ellen Tarlow,RG-50.462*0023,Tarlow
2214,USHMM,Susan Tatum,RG-50.165*0115,Tatum
2215,USC Shoah Foundation,Moshe Taube,13063,Taube
2216,USHMM,Mr. Fred H. Taucher,RG-50.106*0143,Taucher
2217,USC Shoah Foundation,Albert Tausinger,24554,Tausinger
2218,USC Shoah Foundation,Sidney Taussig,24231,Taussig
2219,USC Shoah Foundation,Freda Teitelbaum,4276,Teitelbaum
2220,USHMM,Chana Tencer,RG-50.030*0232,Tencer
2221,USC Shoah Foundation,Paula Tencer,7455,Tencer
2222,USHMM,Mr. Erwin Tepper,RG-50.755*0008,Tepper
2223,USHMM,Marcus Tepper,RG-50.165*0117,Tepper
2224,USHMM,Mr. Frederick Terna,RG-50.165*0118,Terna
2225,USC Shoah Foundation,Sonia Tessler,9311,Tessler
2226,USC Shoah Foundation,Mendel Tessler,9478,Tessler
2227,USHMM,Kurt M. Thomas,RG-50.549.02*0048,Thomas
2228,USHMM,Kurt Thomas,RG-50.030*0233,Thomas
2229,USHMM,Helen S. Tichauer,RG-50.030*0462,Tichauer
2230,USHMM,Mr. Sigmund Tobias,RG-50.165*0119,Tobias
2231,USHMM,George Tobias,RG-50.150*0040,Tobias
2232,USHMM,Ms. Stella Tobis,RG-50.030*0791,Tobis
2233,USHMM,George Topas,RG-50.233*0136,Topas
2234,USC Shoah Foundation,Harry Toporek,3380,Toporek
2235,USHMM,Avraham Tory,RG-50.471*0013,Tory
2236,USHMM,Pnina Tory,RG-50.471*0014,Tory
2237,USHMM,Avraham Tory,RG-50.030*0315,Tory
2238,USHMM,Avraham Tory,RG-50.030*0234,Tory
2239,USHMM,Pnina Tory,RG-50.030*0235,Tory
2240,USHMM,Avraham Tory,RG-50.030*0316,Tory
2241,USHMM,Bella J. Tovey,RG-50.042*0028,Tovey
2242,USHMM,Bella J. Tovey,RG-50.030*0236,Tovey
2243,USHMM,Bella J. Tovey,RG-50.549.01*0011,Tovey
2244,USHMM,Frank Towers,RG-50.030*0745,Towers
2245,USHMM,Jack Tramiel,RG-50.165*0120,Tramiel
2246,USC Shoah Foundation,Barbara Fischman Traub,4361,Traub
2247,USC Shoah Foundation,Alfred Traum,24397,Traum
2248,USHMM,Friedel Treitel,RG-50.154*0027,Treitel
2249,USHMM,Herbert Treitel,RG-50.154*0028,Treitel
2250,USHMM,Robert Treuer,RG-50.030*0423,Treuer
2251,USC Shoah Foundation,Yehoshua Trigor,18581,Trigor
2252,USHMM,Jack Trompettor,RG-50.233*0137,Trompettor
2253,USHMM,Gabriela Truly,RG-50.462*0050,Truly
2254,USHMM,Ms. Danuta Trybus,RG-50.156*0054,Trybus
2255,USHMM,Raymond Turgel,RG-50.030*0678,Turgel
2256,USC Shoah Foundation,Barbara Turkeltaub,14190,Turkeltaub
2257,USHMM,Elsa Turteltaub,RG-50.462*0072,Turteltaub
2258,USHMM,Marian Turzanski,RG-50.462*0073,Turzanski
2259,USHMM,Lisa Tyre,RG-50.462*0124,Tyre
2260,USHMM,Ms. Alice Tyroler,RG-50.030*0701,Tyroler
2261,USC Shoah Foundation,John Ullmann,4226,Ullmann
2262,USHMM,Mr. Alexander Uman,RG-50.405*0045,Uman
2263,USHMM,Irina Uman,RG-50.405*0046,Uman
2264,USHMM,Alex Umantsev,RG-50.405*0047,Umantsev
2265,USHMM,William Ungar,RG-50.165*0123,Ungar
2266,USC Shoah Foundation,Victor Ungar,893,Ungar
2267,USC Shoah Foundation,Gloria Ungar,676,Ungar
2268,USC Shoah Foundation,Sol Urbach,8784,Urbach
2269,USHMM,Sol Urbach,RG-50.233*0139,Urbach
2270,USHMM,Fela Urlik,RG-50.165*0124,Urlik
2271,USC Shoah Foundation,Dennis Urstein,6719,Urstein
2272,USHMM,Ms. Ada Ustjanauskas,RG-50.030*0527,Ustjanauskas
2273,USC Shoah Foundation,Renate Vambery,12904,Vambery
2274,USC Shoah Foundation,Magda Vass,6130,Vass
2275,USC Shoah Foundation,Max Veffer,25589,Veffer
2276,USHMM,Irena Veisaite,RG-50.030*0505,Veisaite
2277,USC Shoah Foundation,Judith Velencei,20711,Velencei
2278,USC Shoah Foundation,Morris Venezia,20405,Venezia
2279,USHMM,Arie Verduijn,RG-50.012*0090,Verduijn
2280,USHMM,Tom Veres,RG-50.030*0238,Veres
2281,USC Shoah Foundation,Agnes Vertes,11723,Vertes
2282,USHMM,Krystyna E. Vetulani-Belfoure,RG-50.106*0138,Vetulani-Belfoure
2283,USHMM,Leonard Vis,RG-50.030*0559,Vis
2284,USHMM,Mr. Philip D. Vock,RG-50.030*0433,Vock
2285,USHMM,Agnes Vogel,RG-50.549.02*0006,Vogel
2286,USHMM,Michael Vogel,RG-50.030*0240,Vogel
2287,USHMM,Michael Vogel,RG-50.549.02*0007,Vogel
2288,USHMM,Lily Voip,RG-50.154*0030,Voip
2289,USC Shoah Foundation,Jack Voorzanger,25178,Voorzanger
2290,USC Shoah Foundation,Irene Voros,16473,Voros
2291,USC Shoah Foundation,Johtje Vos,18486,Vos
2292,USHMM,Gilbert Waganheim,RG-50.030*0776,Waganheim
2293,USC Shoah Foundation,Sabina Wagschal,1965,Wagschal
2294,USC Shoah Foundation,"Robert ""Robbie"" Waisman",23645,Waisman
2295,USHMM,Morton Waitzman,RG-50.920*0006,Waitzman
2296,USC Shoah Foundation,Sonja Waitzner,14429,Waitzner
2297,USHMM,Anna Wajcblum,RG-50.030*0258,Wajcblum
2298,USHMM,Herman Wajcman,RG-50.030*0243,Wajcman
2299,USHMM,Louis Walinsky,RG-50.030*0314,Walinsky
2300,USHMM,Ms. Ellen Wall,RG-50.150*0041,Wall
2301,USHMM,Frida A. Wallenstein,RG-50.549.02*0049,Wallenstein
2302,USHMM,Frank Wallis,RG-50.588*0001,Wallis
2303,USC Shoah Foundation,Mike Walsh,13213,Walsh
2304,USHMM,Fred Walters,RG-50.462*0100,Walters
2305,USHMM,Thomas Ward,RG-50.030*0244,Ward
2306,USHMM,Joseph Wardzala,RG-50.030*0245,Wardzala
2307,USC Shoah Foundation,Shirley Warman,24411,Warman
2308,USHMM,Rose S. Warner,RG-50.549.02*0058,Warner
2309,USHMM,Fela Warschau,RG-50.549.02*0044,Warschau
2310,USHMM,Fela Warschau,RG-50.030*0303,Warschau
2311,USHMM,Fela Warshau,RG-50.470*0022,Warshau
2312,USHMM,Siegfried Warter,RG-50.030*0277,Warter
2313,USHMM,David Wasserman,RG-50.030*0276,Wasserman
2314,USHMM,Helen H. Waterford,RG-50.042*0029,Waterford
2315,USHMM,Helen H. Waterford,RG-50.030*0246,Waterford
2316,USC Shoah Foundation,Sophie Waters,2690,Waters
2317,USHMM,Ruth Webber,RG-50.042*0030,Webber
2318,USHMM,Irene Weber,RG-50.470*0023,Weber
2319,USC Shoah Foundation,Regina Weber,1530,Weber
2320,USC Shoah Foundation,Fania Wedro,19502,Wedro
2321,USHMM,Anne D. Weidemann-Russell,RG-50.462*0019,Weidemann-Russell
2322,USC Shoah Foundation,Mark Weidman,18960,Weidman
2323,USHMM,Ernst Weihs,RG-50.030*0248,Weihs
2324,USHMM,Ernst Weihs,RG-50.042*0031,Weihs
2325,USC Shoah Foundation,Henry Weil,11075,Weil
2326,USC Shoah Foundation,Ludwig Weiler,14060,Weiler
2327,USHMM,Mark Weinberg,RG-50.031*0075,Weinberg
2328,USHMM,Anita Weinberg,RG-50.154*0031,Weinberg
2329,USC Shoah Foundation,Eva Weiner,21648,Weiner
2330,USHMM,Moishe Weiner,RG-50.233*0140,Weiner
2331,USHMM,Felicia K. Weingarten,RG-50.043*0010,Weingarten
2332,USC Shoah Foundation,Roman Weingarten,3040,Weingarten
2333,USHMM,Felicia K. Weingarten,RG-50.156*0056,Weingarten
2334,USC Shoah Foundation,Tamara Weinreich,10010,Weinreich
2335,USC Shoah Foundation,Joseph Weinreich,14463,Weinreich
2336,USC Shoah Foundation,Gienia Weinstein,10394,Weinstein
2337,USHMM,Henry Weinstock,RG-50.926*0007,Weinstock
2338,USC Shoah Foundation,Bluma Weinstock,7016,Weinstock
2339,USC Shoah Foundation,Pincus Weinstock,7017,Weinstock
2340,USHMM,M. D. Weinstock,RG-50.165*0128,Weinstock
2341,USHMM,Guta B. Weintraub,RG-50.549.02*0060,Weintraub
2342,USHMM,Guta B. Weintraub,RG-50.030*0250,Weintraub
2343,USHMM,Rose Weisfeld,RG-50.106*0103,Weisfeld
2344,USHMM,Murray Weisman,RG-50.322*0033,Weisman
2345,USC Shoah Foundation,Catherine Weiss,39,Weiss
2346,USC Shoah Foundation,Eva Weiss,8892,Weiss
2347,USC Shoah Foundation,Gertrude Weiss,280,Weiss
2348,USHMM,Ina Weiss,RG-50.165*0129,Weiss
2349,USC Shoah Foundation,Robert Weiss,24111,Weiss
2350,USHMM,Martin Weiss,RG-50.106*0134,Weiss
2351,USC Shoah Foundation,Freda Weiss,8854,Weiss
2352,USC Shoah Foundation,Irene Weiss,393,Weiss
2353,USC Shoah Foundation,Ernest Weiss,2620,Weiss
2354,USC Shoah Foundation,Magda Weiss,11916,Weiss
2355,USHMM,Gerda Weissmann,RG-50.030*0105,Weissmann
2356,USC Shoah Foundation,Claire Weisz,131,Weisz
2357,USHMM,Mr. Erwin Weiszmann,RG-50.469*0006,Weiszmann
2358,USHMM,John Weiszmann,RG-50.583*0124,Weiszmann
2359,USC Shoah Foundation,Ruth Weitz,26358,Weitz
2360,USC Shoah Foundation,Henry Wellisch,1550,Wellisch
2361,USC Shoah Foundation,Eva Wellner,9342,Wellner
2362,USC Shoah Foundation,Henry Wellner,7904,Wellner
2363,USC Shoah Foundation,Kaethe Wells,26585,Wells
2364,USC Shoah Foundation,Leon Wells,23410,Wells
2365,USC Shoah Foundation,Leon Wendel,2118,Wendel
2366,USHMM,Charlotte Wendel,RG-50.165*0131,Wendel
2367,USHMM,Ms. Henny Wenkart,RG-50.755*0009,Wenkart
2368,USHMM,Millie Werber,RG-50.165*0132,Werber
2369,USC Shoah Foundation,Henry Wermuth,15694,Wermuth
2370,USC Shoah Foundation,Edith Wertheim,6110,Wertheim
2371,USHMM,Ruth Wertheimes,RG-50.150*0042,Wertheimes
2372,USHMM,Michael Wertman,RG-50.030*0464,Wertman
2373,USC Shoah Foundation,Solomon Wexler,15576,Wexler
2374,USC Shoah Foundation,Alexander White,4113,White
2375,USHMM,Nick White,RG-50.470*0024,White
2376,USHMM,Mr. Curtis R. Whiteway,RG-50.030*0253,Whiteway
2377,USC Shoah Foundation,Zoltan Wieder,27767,Wieder
2378,USHMM,Jacob Wiener,RG-50.030*0249,Wiener
2379,USHMM,Jacob Wiener,RG-50.030*0425,Wiener
2380,USC Shoah Foundation,Jacob Wiener,21349,Wiener
2381,USC Shoah Foundation,Henry Wiener,11641,Wiener
2382,USHMM,Elie Wiesel,RG-50.165*0133,Wiesel
2383,USHMM,Gerta B. Wilchfort,RG-50.030*0251,Wilchfort
2384,USHMM,Fred Wildauer,RG-50.156*0057,Wildauer
2385,USHMM,Dennis Wile,RG-50.010*0095,Wile
2386,USC Shoah Foundation,Gershon Wilkenfeld,1736,Wilkenfeld
2387,USHMM,Sidney Willig,RG-50.462*0025,Willig
2388,USHMM,Eddie H. Willner,RG-50.549.02*0065,Willner
2389,USHMM,Eddie H. Willner,RG-50.030*0252,Willner
2390,USHMM,Mr. Rafael Wilschanski,RG-50.030*0655,Wilschanski
2391,USHMM,Anna L. Wilson,RG-50.030*0411,Wilson
2392,USHMM,Marianne Windholm,RG-50.030*0503,Windholm
2393,USC Shoah Foundation,Freda Wineman,10699,Wineman
2394,USC Shoah Foundation,Arnold Wininger,23572,Wininger
2395,USHMM,Marie Winkelman,RG-50.154*0032,Winkelman
2396,USC Shoah Foundation,Manya Winshell,8361,Winshell
2397,USC Shoah Foundation,Alfred Winter,17299,Winter
2398,USC Shoah Foundation,Rose Winterfeldt,21008,Winterfeldt
2399,USHMM,Nicholas Winton,RG-50.030*0422,Winton
2400,USC Shoah Foundation,Leon Wise,5654,Wise
2401,USC Shoah Foundation,Sam Wise,12868,Wise
2402,USHMM,Lillian K. Wishnefsky,RG-50.462*0074,Wishnefsky
2403,USHMM,Mr. David S. Wisnia,RG-50.030*0619,Wisnia
2404,USHMM,Mr. Wallace A. Witkowski,RG-50.106*0108,Witkowski
2405,USC Shoah Foundation,Henri Wittelsohn,5810,Wittelsohn
2406,USHMM,Gertrud Wittner,RG-50.150*0045,Wittner
2407,USHMM,Fred Wittner,RG-50.150*0044,Wittner
2408,USHMM,Fred R. Wohl,RG-50.549.02*0077,Wohl
2409,USHMM,Fred R. Wohl,RG-50.030*0255,Wohl
2410,USHMM,Franz Wohlfahrt,RG-50.030*0256,Wohlfahrt
2411,USC Shoah Foundation,Fred Wolf,14156,Wolf
2412,USC Shoah Foundation,Alfred Wolf,19198,Wolf
2413,USC Shoah Foundation,Lilly Wolf,1363,Wolf
2414,USC Shoah Foundation,Dina Wolfe,17626,Wolfe
2415,USHMM,Frieda Wolff,RG-50.165*0135,Wolff
2416,USHMM,Michael W. Wolff,RG-50.030*0604,Wolff
2417,USHMM,Marion Wolff,RG-50.030*0596,Wolff
2418,USHMM,Paul M. Wolff,RG-50.030*0599,Wolff
2419,USC Shoah Foundation,Kaz Wolff-Zdzienicki,8370,Wolff-Zdzienicki
2420,USHMM,Norbert Wollheim,RG-50.042*0032,Wollheim
2421,USHMM,Norbert Wollheim,RG-50.030*0257,Wollheim
2422,USHMM,John Woodruff,RG-50.429*0002,Woodruff
2423,USC Shoah Foundation,Evy Woods,14251,Woods
2424,USHMM,Paul Wos,RG-50.030*0480,Wos
2425,USHMM,Paul Wos,RG-50.233*0141,Wos
2426,USC Shoah Foundation,Paul Wos,25834,Wos
2427,USC Shoah Foundation,Max Wunderman,24625,Wunderman
2428,USC Shoah Foundation,Saartje Engel Wynberg,7684,Wynberg
2429,USHMM,Ms. Eva Yachnes,RG-50.030*0603,Yachnes
2430,USHMM,Mr. Norbert J. Yasharoff,RG-50.030*0263,Yasharoff
2431,USHMM,David Yegher,RG-50.233*0142,Yegher
2432,USHMM,Lucy Yehaskel,RG-50.165*0136,Yehaskel
2433,USHMM,Lewis Yehuda,RG-50.030*0148,Yehuda
2434,USHMM,Celia Yewlow,RG-50.471*0002,Yewlow
2435,USHMM,Ms. Liny Yollick,RG-50.030*0264,Yollick
2436,USHMM,Ms. Eva Young,RG-50.233*0143,Young
2437,USC Shoah Foundation,Phyllis Young,8359,Young
2438,USC Shoah Foundation,Rena Zabielak,12029,Zabielak
2439,USHMM,Jules Zaidenweber,RG-50.156*0059,Zaidenweber
2440,USHMM,Dora Zaidenweber,RG-50.156*0058,Zaidenweber
2441,USHMM,Jack Zaifman,RG-50.462*0075,Zaifman
2442,USHMM,Mr. André Zalc,RG-50.030*0533,Zalc
2443,USHMM,Ms. Gisela E. Zamora,RG-50.030*0476,Zamora
2444,USC Shoah Foundation,Leo Zapiler,21762,Zapiler
2445,USC Shoah Foundation,Rose Zar,23506,Zar
2446,USHMM,Harry Zaslow,RG-50.462*0125,Zaslow
2447,USHMM,Frances Zatz,RG-50.233*0144,Zatz
2448,USHMM,Leonard Zawacki,RG-50.030*0271,Zawacki
2449,USHMM,Leonard T. Zawacki,RG-50.549.01*0012,Zawacki
2450,USC Shoah Foundation,Marvin Zborowski,13690,Zborowski
2451,USHMM,William Zeck,RG-50.030*0382,Zeck
2452,USHMM,Naomi Zeder,RG-50.165*0137,Zeder
2453,USHMM,Sarah Zelazny,RG-50.030*0513,Zelazny
2454,USC Shoah Foundation,Masha Zeleznikow,26576,Zeleznikow
2455,USC Shoah Foundation,Sam Zelikson,8002,Zelikson
2456,USC Shoah Foundation,Bernard Zelinger,3097,Zelinger
2457,USC Shoah Foundation,Helen Zelinger,3103,Zelinger
2458,USHMM,Ruth Zellner,RG-50.030*0402,Zellner
2459,USHMM,Sulamif S. Zhabinskaya,RG-50.030*0401,Zhabinskaya
2460,USHMM,Sulamif S. Zhabinskaya,RG-50.030*0399,Zhabinskaya
2461,USC Shoah Foundation,Roman Ziegler,365,Ziegler
2462,USC Shoah Foundation,Regina Zielinski,2533,Zielinski
2463,USC Shoah Foundation,Mark Zilist,12455,Zilist
2464,USHMM,Sabina S. Zimering,RG-50.156*0060,Zimering
2465,USHMM,Mr. Alan Zimm,RG-50.470*0025,Zimm
2466,USHMM,Robert Zimmer,RG-50.030*0266,Zimmer
2467,USC Shoah Foundation,Herbert Zipper,833,Zipper
2468,USC Shoah Foundation,Irene Zisblatt,7832,Zisblatt
2469,USHMM,Berel Zisman,RG-50.471*0011,Zisman
2470,USHMM,Harold Zissman,RG-50.549.02*0062,Zissman
2471,USHMM,Harold Zissman,RG-50.030*0318,Zissman
2472,USHMM,Harold Zissman,RG-50.030*0331,Zissman
2473,USC Shoah Foundation,Henry Zuckerman,10012,Zuckerman
2474,USC Shoah Foundation,James Zuidema,23096,Zuidema
2475,USC Shoah Foundation,Bruno Zwass,5551,Zwass
2476,USHMM,Ellen Zweig,RG-50.030*0545,Zweig
2477,USC Shoah Foundation,Itka Zygmuntowicz,10588,Zygmuntowicz
2478,USHMM,Itka F. Zygmuntowicz,RG-50.030*0435,Zygmuntowicz
2479,USC Shoah Foundation,Leopold Zylberman,27150,Zylberman
2480,USC Shoah Foundation,Sonia Zyroff,2074,Zyroff
2481,USHMM,Nino deProphetis,RG-50.462*0033,deProphetis
2482,USHMM,Frank Liebermann family,RG-50.106*0162,family
2483,USHMM,The interviewee,RG-50.462*0114,interviewee
2484,USC Shoah Foundation,Norman Ṭukman,21354,Ṭukman
